time	V(n024)
0.000000000000000e+00	5.010478e+00
9.999999994736442e-09	5.010478e+00
2.999999999808711e-08	5.010478e+00
2.000000000057511e-07	5.010478e+00
2.000001000090901e-07	5.010478e+00
2.000003000157680e-07	5.010478e+00
2.000004950680756e-07	5.010478e+00
2.000007111174762e-07	5.010478e+00
2.000010000113850e-07	5.010478e+00
2.000010346364656e-07	5.010478e+00
2.000011039005045e-07	5.010478e+00
2.000012424147046e-07	5.010478e+00
2.000015194431048e-07	5.010478e+00
2.000020734999053e-07	5.010478e+00
2.000027823773065e-07	5.010478e+00
2.000036588706289e-07	5.010478e+00
2.000047374245417e-07	5.010478e+00
2.000062575419070e-07	5.010478e+00
2.000081906483597e-07	5.010478e+00
2.000108203087381e-07	5.010478e+00
2.000143371344576e-07	5.010478e+00
2.000178272176800e-07	5.010478e+00
2.000218938535969e-07	5.010478e+00
2.000257966899843e-07	5.010478e+00
2.000292993742381e-07	5.010478e+00
2.000330983770171e-07	5.010478e+00
2.000367581300733e-07	5.010478e+00
2.000415730285532e-07	5.010478e+00
2.000468074386808e-07	5.010478e+00
2.000537722562923e-07	5.010478e+00
2.000619499092915e-07	5.010478e+00
2.000739455776390e-07	5.010478e+00
2.000913416899675e-07	5.010478e+00
2.001261339007465e-07	5.010478e+00
2.001758548503263e-07	5.010478e+00
2.002390033090107e-07	5.010479e+00
2.003575927944645e-07	5.010479e+00
2.005307030567005e-07	5.010480e+00
2.008293997352029e-07	5.010481e+00
2.011534839529983e-07	5.010482e+00
2.015068849559043e-07	5.010483e+00
2.019504397737792e-07	5.010485e+00
2.026577025360243e-07	5.010487e+00
2.037691120976293e-07	5.010490e+00
2.059919312069614e-07	5.010498e+00
2.095034658256001e-07	5.010510e+00
2.141250711323872e-07	5.010525e+00
2.202009533186500e-07	5.010545e+00
2.291459554465414e-07	5.010575e+00
2.456313696469481e-07	5.010630e+00
2.641560472027571e-07	5.010692e+00
3.012054023143751e-07	5.010815e+00
3.753041125514889e-07	5.011062e+00
4.753041125543644e-07	5.011395e+00
5.753041125572400e-07	5.011726e+00
6.753041125601156e-07	5.012056e+00
7.753041125629911e-07	5.012386e+00
8.753041125658667e-07	5.012715e+00
9.753041125687423e-07	5.013042e+00
1.075304112571618e-06	5.013369e+00
1.175304112574493e-06	5.013693e+00
1.275304112577369e-06	5.014016e+00
1.375304112580245e-06	5.014338e+00
1.475304112583120e-06	5.014658e+00
1.575304112585996e-06	5.014977e+00
1.675304112588871e-06	5.015293e+00
1.775304112591747e-06	5.015608e+00
1.875304112594622e-06	5.015921e+00
1.975304112597498e-06	5.016232e+00
2.075304112600374e-06	5.016542e+00
2.175304112603249e-06	5.016850e+00
2.275304112606125e-06	5.017156e+00
2.375304112609000e-06	5.017459e+00
2.475304112611876e-06	5.017761e+00
2.575304112614751e-06	5.018061e+00
2.675304112617627e-06	5.018359e+00
2.775304112620502e-06	5.018655e+00
2.875304112623378e-06	5.018949e+00
2.975304112626254e-06	5.019241e+00
3.075304112629129e-06	5.019531e+00
3.175304112632005e-06	5.019818e+00
3.275304112634880e-06	5.020104e+00
3.375304112637756e-06	5.020388e+00
3.475304112640631e-06	5.020669e+00
3.575304112643507e-06	5.020948e+00
3.675304112646383e-06	5.021225e+00
3.775304112649258e-06	5.021500e+00
3.875304112652134e-06	5.021773e+00
3.975304112655009e-06	5.022044e+00
4.075304112657885e-06	5.022312e+00
4.175304112660760e-06	5.022578e+00
4.275304112663636e-06	5.022842e+00
4.375304112666512e-06	5.023104e+00
4.475304112669387e-06	5.023364e+00
4.575304112672263e-06	5.023621e+00
4.675304112675138e-06	5.023876e+00
4.775304112678014e-06	5.024129e+00
4.875304112680889e-06	5.024379e+00
4.975304112683765e-06	5.024628e+00
5.075304112686641e-06	5.024874e+00
5.175304112689516e-06	5.025117e+00
5.275304112692392e-06	5.025359e+00
5.375304112695267e-06	5.025598e+00
5.475304112698143e-06	5.025835e+00
5.575304112701018e-06	5.026069e+00
5.675304112703894e-06	5.026301e+00
5.775304112706769e-06	5.026531e+00
5.875304112709645e-06	5.026758e+00
5.975304112712521e-06	5.026983e+00
6.075304112715396e-06	5.027206e+00
6.175304112718272e-06	5.027427e+00
6.275304112721147e-06	5.027645e+00
6.375304112724023e-06	5.027861e+00
6.475304112726898e-06	5.028074e+00
6.575304112729774e-06	5.028285e+00
6.675304112732650e-06	5.028493e+00
6.775304112735525e-06	5.028700e+00
6.875304112738401e-06	5.028904e+00
6.975304112741276e-06	5.029105e+00
7.075304112744152e-06	5.029305e+00
7.175304112747027e-06	5.029501e+00
7.275304112749903e-06	5.029696e+00
7.375304112752779e-06	5.029887e+00
7.475304112755654e-06	5.030077e+00
7.575304112758530e-06	5.030264e+00
7.675304112761405e-06	5.030449e+00
7.775304112764281e-06	5.030631e+00
7.875304112767156e-06	5.030811e+00
7.975304112770032e-06	5.030989e+00
8.075304112772907e-06	5.031164e+00
8.175304112775783e-06	5.031336e+00
8.275304112778659e-06	5.031507e+00
8.375304112781534e-06	5.031674e+00
8.475304112784410e-06	5.031840e+00
8.575304112787285e-06	5.032003e+00
8.675304112790161e-06	5.032164e+00
8.775304112793036e-06	5.032322e+00
8.875304112795912e-06	5.032478e+00
8.975304112798788e-06	5.032631e+00
9.075304112801663e-06	5.032783e+00
9.175304112804539e-06	5.032931e+00
9.275304112807414e-06	5.033077e+00
9.375304112810290e-06	5.033221e+00
9.475304112813165e-06	5.033362e+00
9.575304112816041e-06	5.033502e+00
9.675304112818917e-06	5.033638e+00
9.775304112821792e-06	5.033772e+00
9.875304112824668e-06	5.033904e+00
9.975304112827543e-06	5.034034e+00
1.007530411283042e-05	5.034161e+00
1.017530411283329e-05	5.034286e+00
1.027530411283617e-05	5.034408e+00
1.037530411283905e-05	5.034527e+00
1.047530411284192e-05	5.034645e+00
1.057530411284480e-05	5.034760e+00
1.067530411284767e-05	5.034873e+00
1.077530411285055e-05	5.034983e+00
1.087530411285342e-05	5.035091e+00
1.097530411285630e-05	5.035196e+00
1.107530411285917e-05	5.035300e+00
1.117530411286205e-05	5.035400e+00
1.127530411286493e-05	5.035499e+00
1.137530411286780e-05	5.035595e+00
1.147530411287068e-05	5.035689e+00
1.157530411287355e-05	5.035780e+00
1.167530411287643e-05	5.035870e+00
1.177530411287930e-05	5.035956e+00
1.187530411288218e-05	5.036041e+00
1.197530411288505e-05	5.036123e+00
1.207530411288793e-05	5.036203e+00
1.217530411289081e-05	5.036281e+00
1.227530411289368e-05	5.036355e+00
1.237530411289656e-05	5.036428e+00
1.247530411289943e-05	5.036499e+00
1.257530411290231e-05	5.036567e+00
1.267530411290518e-05	5.036633e+00
1.277530411290806e-05	5.036697e+00
1.287530411291093e-05	5.036758e+00
1.297530411291381e-05	5.036818e+00
1.307530411291669e-05	5.036874e+00
1.317530411291956e-05	5.036929e+00
1.327530411292244e-05	5.036982e+00
1.337530411292531e-05	5.037032e+00
1.347530411292819e-05	5.037080e+00
1.357530411293106e-05	5.037125e+00
1.367530411293394e-05	5.037169e+00
1.377530411293681e-05	5.037210e+00
1.387530411293969e-05	5.037249e+00
1.397530411294257e-05	5.037286e+00
1.407530411294544e-05	5.037321e+00
1.417530411294832e-05	5.037353e+00
1.427530411295119e-05	5.037383e+00
1.437530411295407e-05	5.037411e+00
1.447530411295694e-05	5.037437e+00
1.457530411295982e-05	5.037461e+00
1.467530411296269e-05	5.037482e+00
1.477530411296557e-05	5.037502e+00
1.487530411296845e-05	5.037519e+00
1.497530411297132e-05	5.037534e+00
1.507530411297420e-05	5.037548e+00
1.517530411297707e-05	5.037559e+00
1.527530411297995e-05	5.037567e+00
1.537530411298282e-05	5.037574e+00
1.547530411298570e-05	5.037579e+00
1.557530411298857e-05	5.037581e+00
1.567530411299145e-05	5.037582e+00
1.577530411299433e-05	5.037580e+00
1.587530411299720e-05	5.037577e+00
1.597530411300008e-05	5.037571e+00
1.607530411300295e-05	5.037563e+00
1.617530411300583e-05	5.037554e+00
1.627530411300870e-05	5.037542e+00
1.637530411301158e-05	5.037529e+00
1.647530411301446e-05	5.037513e+00
1.657530411301733e-05	5.037495e+00
1.667530411302021e-05	5.037476e+00
1.677530411302308e-05	5.037454e+00
1.687530411302596e-05	5.037430e+00
1.697530411302883e-05	5.037405e+00
1.707530411303171e-05	5.037377e+00
1.717530411303458e-05	5.037348e+00
1.727530411303746e-05	5.037317e+00
1.737530411304034e-05	5.037283e+00
1.747530411304321e-05	5.037248e+00
1.757530411304609e-05	5.037211e+00
1.767530411304896e-05	5.037172e+00
1.777530411305184e-05	5.037132e+00
1.787530411305471e-05	5.037089e+00
1.797530411305759e-05	5.037045e+00
1.807530411306046e-05	5.036999e+00
1.817530411306334e-05	5.036951e+00
1.827530411306622e-05	5.036901e+00
1.837530411306909e-05	5.036849e+00
1.847530411307197e-05	5.036796e+00
1.857530411307484e-05	5.036740e+00
1.867530411307772e-05	5.036683e+00
1.877530411308059e-05	5.036624e+00
1.887530411308347e-05	5.036564e+00
1.897530411308634e-05	5.036502e+00
1.907530411308922e-05	5.036438e+00
1.917530411309210e-05	5.036372e+00
1.927530411309497e-05	5.036305e+00
1.937530411309785e-05	5.036236e+00
1.947530411310072e-05	5.036165e+00
1.957530411310360e-05	5.036093e+00
1.967530411310647e-05	5.036018e+00
1.977530411310935e-05	5.035943e+00
1.987530411311222e-05	5.035866e+00
1.997530411311510e-05	5.035787e+00
2.007530411311798e-05	5.035706e+00
2.017530411312085e-05	5.035624e+00
2.027530411312373e-05	5.035540e+00
2.037530411312660e-05	5.035455e+00
2.047530411312948e-05	5.035368e+00
2.057530411313235e-05	5.035280e+00
2.067530411313523e-05	5.035190e+00
2.077530411313810e-05	5.035098e+00
2.087530411314098e-05	5.035005e+00
2.097530411314386e-05	5.034911e+00
2.107530411314673e-05	5.034815e+00
2.117530411314961e-05	5.034718e+00
2.127530411315248e-05	5.034618e+00
2.137530411315536e-05	5.034518e+00
2.147530411315823e-05	5.034417e+00
2.157530411316111e-05	5.034313e+00
2.167530411316398e-05	5.034209e+00
2.177530411316686e-05	5.034103e+00
2.187530411316974e-05	5.033996e+00
2.197530411317261e-05	5.033887e+00
2.207530411317549e-05	5.033777e+00
2.217530411317836e-05	5.033665e+00
2.227530411318124e-05	5.033552e+00
2.237530411318411e-05	5.033438e+00
2.247530411318699e-05	5.033323e+00
2.257530411318986e-05	5.033206e+00
2.267530411319274e-05	5.033088e+00
2.277530411319562e-05	5.032969e+00
2.287530411319849e-05	5.032848e+00
2.297530411320137e-05	5.032727e+00
2.307530411320424e-05	5.032604e+00
2.317530411320712e-05	5.032480e+00
2.327530411320999e-05	5.032354e+00
2.337530411321287e-05	5.032228e+00
2.347530411321574e-05	5.032101e+00
2.357530411321862e-05	5.031971e+00
2.367530411322150e-05	5.031841e+00
2.377530411322437e-05	5.031711e+00
2.387530411322725e-05	5.031578e+00
2.397530411323012e-05	5.031445e+00
2.407530411323300e-05	5.031310e+00
2.417530411323587e-05	5.031175e+00
2.427530411323875e-05	5.031038e+00
2.437530411324162e-05	5.030900e+00
2.447530411324450e-05	5.030762e+00
2.457530411324738e-05	5.030622e+00
2.467530411325025e-05	5.030481e+00
2.477530411325313e-05	5.030340e+00
2.487530411325600e-05	5.030197e+00
2.497530411325888e-05	5.030054e+00
2.507530411326175e-05	5.029909e+00
2.517530411326463e-05	5.029763e+00
2.527530411326750e-05	5.029617e+00
2.537530411327038e-05	5.029469e+00
2.547530411327326e-05	5.029322e+00
2.557530411327613e-05	5.029172e+00
2.567530411327901e-05	5.029023e+00
2.577530411328188e-05	5.028872e+00
2.587530411328476e-05	5.028720e+00
2.597530411328763e-05	5.028567e+00
2.607530411329051e-05	5.028414e+00
2.617530411329339e-05	5.028260e+00
2.627530411329626e-05	5.028105e+00
2.637530411329914e-05	5.027950e+00
2.647530411330201e-05	5.027793e+00
2.657530411330489e-05	5.027637e+00
2.667530411330776e-05	5.027479e+00
2.677530411331064e-05	5.027320e+00
2.687530411331351e-05	5.027161e+00
2.697530411331639e-05	5.027001e+00
2.707530411331927e-05	5.026840e+00
2.717530411332214e-05	5.026679e+00
2.727530411332502e-05	5.026517e+00
2.737530411332789e-05	5.026355e+00
2.747530411333077e-05	5.026192e+00
2.757530411333364e-05	5.026029e+00
2.767530411333652e-05	5.025865e+00
2.777530411333939e-05	5.025700e+00
2.787530411334227e-05	5.025534e+00
2.797530411334515e-05	5.025369e+00
2.807530411334802e-05	5.025202e+00
2.817530411335090e-05	5.025035e+00
2.827530411335377e-05	5.024868e+00
2.837530411335665e-05	5.024700e+00
2.847530411335952e-05	5.024532e+00
2.857530411336240e-05	5.024364e+00
2.867530411336527e-05	5.024195e+00
2.877530411336815e-05	5.024025e+00
2.887530411337103e-05	5.023855e+00
2.897530411337390e-05	5.023685e+00
2.907530411337678e-05	5.023514e+00
2.917530411337965e-05	5.023343e+00
2.927530411338253e-05	5.023172e+00
2.937530411338540e-05	5.023001e+00
2.947530411338828e-05	5.022829e+00
2.957530411339115e-05	5.022656e+00
2.967530411339403e-05	5.022484e+00
2.977530411339691e-05	5.022311e+00
2.987530411339978e-05	5.022139e+00
2.997530411340266e-05	5.021966e+00
3.007530411340553e-05	5.021792e+00
3.017530411340841e-05	5.021618e+00
3.027530411341128e-05	5.021445e+00
3.037530411341416e-05	5.021271e+00
3.047530411341703e-05	5.021097e+00
3.057530411341991e-05	5.020923e+00
3.067530411342279e-05	5.020748e+00
3.077530411342566e-05	5.020574e+00
3.087530411342854e-05	5.020399e+00
3.097530411343141e-05	5.020225e+00
3.107530411343429e-05	5.020050e+00
3.117530411343716e-05	5.019876e+00
3.127530411344004e-05	5.019701e+00
3.137530411344291e-05	5.019526e+00
3.147530411344579e-05	5.019351e+00
3.157530411344867e-05	5.019176e+00
3.167530411345154e-05	5.019002e+00
3.177530411345442e-05	5.018827e+00
3.187530411345729e-05	5.018652e+00
3.197530411346017e-05	5.018478e+00
3.207530411346304e-05	5.018303e+00
3.217530411346592e-05	5.018129e+00
3.227530411346879e-05	5.017955e+00
3.237530411347167e-05	5.017781e+00
3.247530411347455e-05	5.017607e+00
3.257530411347742e-05	5.017433e+00
3.267530411348030e-05	5.017260e+00
3.277530411348317e-05	5.017087e+00
3.287530411348605e-05	5.016913e+00
3.297530411348892e-05	5.016740e+00
3.307530411349180e-05	5.016567e+00
3.317530411349467e-05	5.016395e+00
3.327530411349755e-05	5.016223e+00
3.337530411350043e-05	5.016051e+00
3.347530411350330e-05	5.015879e+00
3.357530411350618e-05	5.015708e+00
3.367530411350905e-05	5.015537e+00
3.377530411351193e-05	5.015366e+00
3.387530411351480e-05	5.015196e+00
3.397530411351768e-05	5.015026e+00
3.407530411352055e-05	5.014856e+00
3.417530411352343e-05	5.014687e+00
3.427530411352631e-05	5.014518e+00
3.437530411352918e-05	5.014349e+00
3.447530411353206e-05	5.014181e+00
3.457530411353493e-05	5.014014e+00
3.467530411353781e-05	5.013846e+00
3.477530411354068e-05	5.013680e+00
3.487530411354356e-05	5.013514e+00
3.497530411354643e-05	5.013348e+00
3.507530411354931e-05	5.013183e+00
3.517530411355219e-05	5.013018e+00
3.527530411355506e-05	5.012854e+00
3.537530411355794e-05	5.012690e+00
3.547530411356081e-05	5.012527e+00
3.557530411356369e-05	5.012364e+00
3.567530411356656e-05	5.012202e+00
3.577530411356944e-05	5.012041e+00
3.587530411357231e-05	5.011880e+00
3.597530411357519e-05	5.011721e+00
3.607530411357807e-05	5.011561e+00
3.617530411358094e-05	5.011402e+00
3.627530411358382e-05	5.011244e+00
3.637530411358669e-05	5.011086e+00
3.647530411358957e-05	5.010929e+00
3.657530411359244e-05	5.010773e+00
3.667530411359532e-05	5.010617e+00
3.677530411359820e-05	5.010463e+00
3.687530411360107e-05	5.010309e+00
3.697530411360395e-05	5.010155e+00
3.707530411360682e-05	5.010003e+00
3.717530411360970e-05	5.009851e+00
3.727530411361257e-05	5.009700e+00
3.737530411361545e-05	5.009549e+00
3.747530411361832e-05	5.009399e+00
3.757530411362120e-05	5.009251e+00
3.767530411362408e-05	5.009103e+00
3.777530411362695e-05	5.008956e+00
3.787530411362983e-05	5.008809e+00
3.797530411363270e-05	5.008664e+00
3.807530411363558e-05	5.008519e+00
3.817530411363845e-05	5.008375e+00
3.827530411364133e-05	5.008232e+00
3.837530411364420e-05	5.008090e+00
3.847530411364708e-05	5.007949e+00
3.857530411364996e-05	5.007809e+00
3.867530411365283e-05	5.007669e+00
3.877530411365571e-05	5.007531e+00
3.887530411365858e-05	5.007393e+00
3.897530411366146e-05	5.007257e+00
3.907530411366433e-05	5.007120e+00
3.917530411366721e-05	5.006986e+00
3.927530411367008e-05	5.006852e+00
3.937530411367296e-05	5.006719e+00
3.947530411367584e-05	5.006587e+00
3.957530411367871e-05	5.006455e+00
3.967530411368159e-05	5.006326e+00
3.977530411368446e-05	5.006196e+00
3.987530411368734e-05	5.006069e+00
3.997530411369021e-05	5.005941e+00
4.007530411369309e-05	5.005816e+00
4.017530411369596e-05	5.005691e+00
4.027530411369884e-05	5.005567e+00
4.037530411370172e-05	5.005444e+00
4.047530411370459e-05	5.005322e+00
4.057530411370747e-05	5.005200e+00
4.067530411371034e-05	5.005080e+00
4.077530411371322e-05	5.004961e+00
4.087530411371609e-05	5.004844e+00
4.097530411371897e-05	5.004727e+00
4.107530411372184e-05	5.004611e+00
4.117530411372472e-05	5.004497e+00
4.127530411372760e-05	5.004383e+00
4.137530411373047e-05	5.004271e+00
4.147530411373335e-05	5.004159e+00
4.157530411373622e-05	5.004049e+00
4.167530411373910e-05	5.003940e+00
4.177530411374197e-05	5.003832e+00
4.187530411374485e-05	5.003725e+00
4.197530411374772e-05	5.003619e+00
4.207530411375060e-05	5.003514e+00
4.217530411375348e-05	5.003411e+00
4.227530411375635e-05	5.003308e+00
4.237530411375923e-05	5.003207e+00
4.247530411376210e-05	5.003107e+00
4.257530411376498e-05	5.003008e+00
4.267530411376785e-05	5.002910e+00
4.277530411377073e-05	5.002813e+00
4.287530411377360e-05	5.002717e+00
4.297530411377648e-05	5.002623e+00
4.307530411377936e-05	5.002530e+00
4.317530411378223e-05	5.002438e+00
4.327530411378511e-05	5.002347e+00
4.337530411378798e-05	5.002256e+00
4.347530411379086e-05	5.002168e+00
4.357530411379373e-05	5.002080e+00
4.367530411379661e-05	5.001994e+00
4.377530411379948e-05	5.001909e+00
4.387530411380236e-05	5.001825e+00
4.397530411380524e-05	5.001742e+00
4.407530411380811e-05	5.001660e+00
4.417530411381099e-05	5.001580e+00
4.427530411381386e-05	5.001501e+00
4.437530411381674e-05	5.001423e+00
4.447530411381961e-05	5.001346e+00
4.457530411382249e-05	5.001270e+00
4.467530411382536e-05	5.001195e+00
4.477530411382824e-05	5.001122e+00
4.487530411383112e-05	5.001050e+00
4.497530411383399e-05	5.000979e+00
4.507530411383687e-05	5.000909e+00
4.517530411383974e-05	5.000841e+00
4.527530411384262e-05	5.000773e+00
4.537530411384549e-05	5.000707e+00
4.547530411384837e-05	5.000642e+00
4.557530411385124e-05	5.000578e+00
4.567530411385412e-05	5.000515e+00
4.577530411385700e-05	5.000454e+00
4.587530411385987e-05	5.000394e+00
4.597530411386275e-05	5.000335e+00
4.607530411386562e-05	5.000277e+00
4.617530411386850e-05	5.000220e+00
4.627530411387137e-05	5.000165e+00
4.637530411387425e-05	5.000111e+00
4.647530411387713e-05	5.000057e+00
4.657530411388000e-05	5.000005e+00
4.667530411388288e-05	4.999954e+00
4.677530411388575e-05	4.999905e+00
4.687530411388863e-05	4.999857e+00
4.697530411389150e-05	4.999809e+00
4.707530411389438e-05	4.999763e+00
4.717530411389725e-05	4.999719e+00
4.727530411390013e-05	4.999675e+00
4.737530411390301e-05	4.999632e+00
4.747530411390588e-05	4.999591e+00
4.757530411390876e-05	4.999551e+00
4.767530411391163e-05	4.999512e+00
4.777530411391451e-05	4.999474e+00
4.787530411391738e-05	4.999437e+00
4.797530411392026e-05	4.999402e+00
4.807530411392313e-05	4.999368e+00
4.817530411392601e-05	4.999334e+00
4.827530411392889e-05	4.999302e+00
4.837530411393176e-05	4.999271e+00
4.847530411393464e-05	4.999242e+00
4.857530411393751e-05	4.999213e+00
4.867530411394039e-05	4.999186e+00
4.877530411394326e-05	4.999159e+00
4.887530411394614e-05	4.999134e+00
4.897530411394901e-05	4.999110e+00
4.907530411395189e-05	4.999087e+00
4.917530411395477e-05	4.999065e+00
4.927530411395764e-05	4.999044e+00
4.937530411396052e-05	4.999025e+00
4.947530411396339e-05	4.999007e+00
4.957530411396627e-05	4.998989e+00
4.967530411396914e-05	4.998973e+00
4.977530411397202e-05	4.998958e+00
4.987530411397489e-05	4.998944e+00
4.997530411397777e-05	4.998931e+00
5.007530411398065e-05	4.998919e+00
5.017530411398352e-05	4.998909e+00
5.027530411398640e-05	4.998899e+00
5.037530411398927e-05	4.998890e+00
5.047530411399215e-05	4.998882e+00
5.057530411399502e-05	4.998876e+00
5.067530411399790e-05	4.998871e+00
5.077530411400077e-05	4.998866e+00
5.087530411400365e-05	4.998863e+00
5.097530411400653e-05	4.998861e+00
5.107530411400940e-05	4.998859e+00
5.117530411401228e-05	4.998859e+00
5.127530411401515e-05	4.998860e+00
5.137530411401803e-05	4.998862e+00
5.147530411402090e-05	4.998865e+00
5.157530411402378e-05	4.998869e+00
5.167530411402665e-05	4.998874e+00
5.177530411402953e-05	4.998880e+00
5.187530411403241e-05	4.998887e+00
5.197530411403528e-05	4.998895e+00
5.207530411403816e-05	4.998903e+00
5.217530411404103e-05	4.998914e+00
5.227530411404391e-05	4.998924e+00
5.237530411404678e-05	4.998937e+00
5.247530411404966e-05	4.998949e+00
5.257530411405253e-05	4.998963e+00
5.267530411405541e-05	4.998978e+00
5.277530411405829e-05	4.998993e+00
5.287530411406116e-05	4.999010e+00
5.297530411406404e-05	4.999027e+00
5.307530411406691e-05	4.999046e+00
5.317530411406979e-05	4.999065e+00
5.327530411407266e-05	4.999086e+00
5.337530411407554e-05	4.999107e+00
5.347530411407841e-05	4.999129e+00
5.357530411408129e-05	4.999152e+00
5.367530411408417e-05	4.999176e+00
5.377530411408704e-05	4.999201e+00
5.387530411408992e-05	4.999227e+00
5.397530411409279e-05	4.999253e+00
5.407530411409567e-05	4.999281e+00
5.417530411409854e-05	4.999310e+00
5.427530411410142e-05	4.999338e+00
5.437530411410429e-05	4.999369e+00
5.447530411410717e-05	4.999399e+00
5.457530411411005e-05	4.999431e+00
5.467530411411292e-05	4.999464e+00
5.477530411411580e-05	4.999497e+00
5.487530411411867e-05	4.999531e+00
5.497530411412155e-05	4.999566e+00
5.507530411412442e-05	4.999601e+00
5.517530411412730e-05	4.999638e+00
5.527530411413017e-05	4.999676e+00
5.537530411413305e-05	4.999714e+00
5.547530411413593e-05	4.999753e+00
5.557530411413880e-05	4.999792e+00
5.567530411414168e-05	4.999833e+00
5.577530411414455e-05	4.999874e+00
5.587530411414743e-05	4.999916e+00
5.597530411415030e-05	4.999958e+00
5.607530411415318e-05	5.000002e+00
5.617530411415605e-05	5.000046e+00
5.627530411415893e-05	5.000091e+00
5.637530411416181e-05	5.000136e+00
5.647530411416468e-05	5.000182e+00
5.657530411416756e-05	5.000229e+00
5.667530411417043e-05	5.000277e+00
5.677530411417331e-05	5.000325e+00
5.687530411417618e-05	5.000374e+00
5.697530411417906e-05	5.000423e+00
5.707530411418194e-05	5.000474e+00
5.717530411418481e-05	5.000525e+00
5.727530411418769e-05	5.000576e+00
5.737530411419056e-05	5.000628e+00
5.747530411419344e-05	5.000681e+00
5.757530411419631e-05	5.000734e+00
5.767530411419919e-05	5.000789e+00
5.777530411420206e-05	5.000843e+00
5.787530411420494e-05	5.000898e+00
5.797530411420782e-05	5.000954e+00
5.807530411421069e-05	5.001010e+00
5.817530411421357e-05	5.001067e+00
5.827530411421644e-05	5.001124e+00
5.837530411421932e-05	5.001183e+00
5.847530411422219e-05	5.001241e+00
5.857530411422507e-05	5.001300e+00
5.867530411422794e-05	5.001360e+00
5.877530411423082e-05	5.001420e+00
5.887530411423370e-05	5.001481e+00
5.897530411423657e-05	5.001542e+00
5.907530411423945e-05	5.001604e+00
5.917530411424232e-05	5.001666e+00
5.927530411424520e-05	5.001729e+00
5.937530411424807e-05	5.001792e+00
5.947530411425095e-05	5.001855e+00
5.957530411425382e-05	5.001920e+00
5.967530411425670e-05	5.001984e+00
5.977530411425958e-05	5.002049e+00
5.987530411426245e-05	5.002114e+00
5.997530411426533e-05	5.002180e+00
6.007530411426820e-05	5.002246e+00
6.017530411427108e-05	5.002313e+00
6.027530411427395e-05	5.002380e+00
6.037530411427683e-05	5.002448e+00
6.047530411427970e-05	5.002516e+00
6.057530411428258e-05	5.002584e+00
6.067530411428546e-05	5.002653e+00
6.077530411428833e-05	5.002722e+00
6.087530411429121e-05	5.002791e+00
6.097530411429408e-05	5.002861e+00
6.107530411429696e-05	5.002931e+00
6.117530411429983e-05	5.003001e+00
6.127530411430271e-05	5.003072e+00
6.137530411430558e-05	5.003143e+00
6.147530411430846e-05	5.003215e+00
6.157530411431134e-05	5.003286e+00
6.167530411431421e-05	5.003358e+00
6.177530411431709e-05	5.003431e+00
6.187530411431996e-05	5.003503e+00
6.197530411432284e-05	5.003576e+00
6.207530411432571e-05	5.003649e+00
6.217530411432859e-05	5.003723e+00
6.227530411433146e-05	5.003796e+00
6.237530411433434e-05	5.003870e+00
6.247530411433722e-05	5.003944e+00
6.257530411434009e-05	5.004019e+00
6.267530411434297e-05	5.004093e+00
6.277530411434584e-05	5.004168e+00
6.287530411434872e-05	5.004243e+00
6.297530411435159e-05	5.004318e+00
6.307530411435447e-05	5.004394e+00
6.317530411435734e-05	5.004469e+00
6.327530411436022e-05	5.004545e+00
6.337530411436310e-05	5.004622e+00
6.347530411436597e-05	5.004697e+00
6.357530411436885e-05	5.004774e+00
6.367530411437172e-05	5.004850e+00
6.377530411437460e-05	5.004927e+00
6.387530411437747e-05	5.005003e+00
6.397530411438035e-05	5.005081e+00
6.407530411438322e-05	5.005157e+00
6.417530411438610e-05	5.005235e+00
6.427530411438898e-05	5.005312e+00
6.437530411439185e-05	5.005389e+00
6.447530411439473e-05	5.005466e+00
6.457530411439760e-05	5.005544e+00
6.467530411440048e-05	5.005622e+00
6.477530411440335e-05	5.005700e+00
6.487530411440623e-05	5.005777e+00
6.497530411440910e-05	5.005855e+00
6.507530411441198e-05	5.005933e+00
6.517530411441486e-05	5.006011e+00
6.527530411441773e-05	5.006089e+00
6.537530411442061e-05	5.006167e+00
6.547530411442348e-05	5.006245e+00
6.557530411442636e-05	5.006323e+00
6.567530411442923e-05	5.006401e+00
6.577530411443211e-05	5.006479e+00
6.587530411443498e-05	5.006557e+00
6.597530411443786e-05	5.006635e+00
6.607530411444074e-05	5.006713e+00
6.617530411444361e-05	5.006791e+00
6.627530411444649e-05	5.006869e+00
6.637530411444936e-05	5.006947e+00
6.647530411445224e-05	5.007025e+00
6.657530411445511e-05	5.007103e+00
6.667530411445799e-05	5.007181e+00
6.677530411446087e-05	5.007258e+00
6.687530411446374e-05	5.007336e+00
6.697530411446662e-05	5.007414e+00
6.707530411446949e-05	5.007492e+00
6.717530411447237e-05	5.007569e+00
6.727530411447524e-05	5.007647e+00
6.737530411447812e-05	5.007724e+00
6.747530411448099e-05	5.007801e+00
6.757530411448387e-05	5.007878e+00
6.767530411448675e-05	5.007955e+00
6.777530411448962e-05	5.008032e+00
6.787530411449250e-05	5.008109e+00
6.797530411449537e-05	5.008185e+00
6.807530411449825e-05	5.008262e+00
6.817530411450112e-05	5.008338e+00
6.827530411450400e-05	5.008414e+00
6.837530411450687e-05	5.008491e+00
6.847530411450975e-05	5.008566e+00
6.857530411451263e-05	5.008642e+00
6.867530411451550e-05	5.008718e+00
6.877530411451838e-05	5.008793e+00
6.887530411452125e-05	5.008868e+00
6.897530411452413e-05	5.008943e+00
6.907530411452700e-05	5.009018e+00
6.917530411452988e-05	5.009093e+00
6.927530411453275e-05	5.009167e+00
6.937530411453563e-05	5.009242e+00
6.947530411453851e-05	5.009315e+00
6.957530411454138e-05	5.009389e+00
6.967530411454426e-05	5.009463e+00
6.977530411454713e-05	5.009536e+00
6.987530411455001e-05	5.009609e+00
6.997530411455288e-05	5.009682e+00
7.007530411455576e-05	5.009755e+00
7.017530411455863e-05	5.009828e+00
7.027530411456151e-05	5.009900e+00
7.037530411456439e-05	5.009972e+00
7.047530411456726e-05	5.010043e+00
7.057530411457014e-05	5.010115e+00
7.067530411457301e-05	5.010186e+00
7.077530411457589e-05	5.010256e+00
7.087530411457876e-05	5.010327e+00
7.097530411458164e-05	5.010397e+00
7.107530411458451e-05	5.010468e+00
7.117530411458739e-05	5.010537e+00
7.127530411459027e-05	5.010606e+00
7.137530411459314e-05	5.010675e+00
7.147530411459602e-05	5.010744e+00
7.157530411459889e-05	5.010813e+00
7.167530411460177e-05	5.010881e+00
7.177530411460464e-05	5.010949e+00
7.187530411460752e-05	5.011016e+00
7.197530411461039e-05	5.011084e+00
7.207530411461327e-05	5.011150e+00
7.217530411461615e-05	5.011217e+00
7.227530411461902e-05	5.011283e+00
7.237530411462190e-05	5.011349e+00
7.247530411462477e-05	5.011415e+00
7.257530411462765e-05	5.011480e+00
7.267530411463052e-05	5.011545e+00
7.277530411463340e-05	5.011609e+00
7.287530411463627e-05	5.011673e+00
7.297530411463915e-05	5.011737e+00
7.307530411464203e-05	5.011801e+00
7.317530411464490e-05	5.011864e+00
7.327530411464778e-05	5.011926e+00
7.337530411465065e-05	5.011989e+00
7.347530411465353e-05	5.012050e+00
7.357530411465640e-05	5.012112e+00
7.367530411465928e-05	5.012173e+00
7.377530411466215e-05	5.012234e+00
7.387530411466503e-05	5.012294e+00
7.397530411466791e-05	5.012354e+00
7.407530411467078e-05	5.012414e+00
7.417530411467366e-05	5.012473e+00
7.427530411467653e-05	5.012531e+00
7.437530411467941e-05	5.012589e+00
7.447530411468228e-05	5.012648e+00
7.457530411468516e-05	5.012705e+00
7.467530411468803e-05	5.012762e+00
7.477530411469091e-05	5.012819e+00
7.487530411469379e-05	5.012875e+00
7.497530411469666e-05	5.012931e+00
7.507530411469954e-05	5.012986e+00
7.517530411470241e-05	5.013041e+00
7.527530411470529e-05	5.013096e+00
7.537530411470816e-05	5.013150e+00
7.547530411471104e-05	5.013204e+00
7.557530411471391e-05	5.013257e+00
7.567530411471679e-05	5.013309e+00
7.577530411471967e-05	5.013362e+00
7.587530411472254e-05	5.013414e+00
7.597530411472542e-05	5.013465e+00
7.607530411472829e-05	5.013516e+00
7.617530411473117e-05	5.013566e+00
7.627530411473404e-05	5.013617e+00
7.637530411473692e-05	5.013666e+00
7.647530411473979e-05	5.013716e+00
7.657530411474267e-05	5.013764e+00
7.667530411474555e-05	5.013813e+00
7.677530411474842e-05	5.013860e+00
7.687530411475130e-05	5.013907e+00
7.697530411475417e-05	5.013954e+00
7.707530411475705e-05	5.014001e+00
7.717530411475992e-05	5.014047e+00
7.727530411476280e-05	5.014092e+00
7.737530411476568e-05	5.014137e+00
7.747530411476855e-05	5.014182e+00
7.757530411477143e-05	5.014225e+00
7.767530411477430e-05	5.014269e+00
7.777530411477718e-05	5.014312e+00
7.787530411478005e-05	5.014355e+00
7.797530411478293e-05	5.014397e+00
7.807530411478580e-05	5.014439e+00
7.817530411478868e-05	5.014480e+00
7.827530411479156e-05	5.014520e+00
7.837530411479443e-05	5.014560e+00
7.847530411479731e-05	5.014600e+00
7.857530411480018e-05	5.014639e+00
7.867530411480306e-05	5.014678e+00
7.877530411480593e-05	5.014716e+00
7.887530411480881e-05	5.014754e+00
7.897530411481168e-05	5.014791e+00
7.907530411481456e-05	5.014828e+00
7.917530411481744e-05	5.014864e+00
7.927530411482031e-05	5.014900e+00
7.937530411482319e-05	5.014935e+00
7.947530411482606e-05	5.014970e+00
7.957530411482894e-05	5.015004e+00
7.967530411483181e-05	5.015038e+00
7.977530411483469e-05	5.015071e+00
7.987530411483756e-05	5.015104e+00
7.997530411484044e-05	5.015136e+00
8.007530411484332e-05	5.015168e+00
8.017530411484619e-05	5.015199e+00
8.027530411484907e-05	5.015230e+00
8.037530411485194e-05	5.015260e+00
8.047530411485482e-05	5.015290e+00
8.057530411485769e-05	5.015319e+00
8.067530411486057e-05	5.015348e+00
8.077530411486344e-05	5.015376e+00
8.087530411486632e-05	5.015404e+00
8.097530411486920e-05	5.015431e+00
8.107530411487207e-05	5.015458e+00
8.117530411487495e-05	5.015485e+00
8.127530411487782e-05	5.015511e+00
8.137530411488070e-05	5.015536e+00
8.147530411488357e-05	5.015561e+00
8.157530411488645e-05	5.015585e+00
8.167530411488932e-05	5.015609e+00
8.177530411489220e-05	5.015632e+00
8.187530411489508e-05	5.015655e+00
8.197530411489795e-05	5.015677e+00
8.207530411490083e-05	5.015699e+00
8.217530411490370e-05	5.015720e+00
8.227530411490658e-05	5.015741e+00
8.237530411490945e-05	5.015761e+00
8.247530411491233e-05	5.015781e+00
8.257530411491520e-05	5.015800e+00
8.267530411491808e-05	5.015820e+00
8.277530411492096e-05	5.015838e+00
8.287530411492383e-05	5.015856e+00
8.297530411492671e-05	5.015873e+00
8.307530411492958e-05	5.015890e+00
8.317530411493246e-05	5.015906e+00
8.327530411493533e-05	5.015923e+00
8.337530411493821e-05	5.015938e+00
8.347530411494108e-05	5.015953e+00
8.357530411494396e-05	5.015967e+00
8.367530411494684e-05	5.015981e+00
8.377530411494971e-05	5.015995e+00
8.387530411495259e-05	5.016008e+00
8.397530411495546e-05	5.016020e+00
8.407530411495834e-05	5.016032e+00
8.417530411496121e-05	5.016044e+00
8.427530411496409e-05	5.016055e+00
8.437530411496696e-05	5.016066e+00
8.447530411496984e-05	5.016076e+00
8.457530411497272e-05	5.016086e+00
8.467530411497559e-05	5.016095e+00
8.477530411497847e-05	5.016104e+00
8.487530411498134e-05	5.016112e+00
8.497530411498422e-05	5.016120e+00
8.507530411498709e-05	5.016127e+00
8.517530411498997e-05	5.016134e+00
8.527530411499284e-05	5.016140e+00
8.537530411499572e-05	5.016147e+00
8.547530411499860e-05	5.016152e+00
8.557530411500147e-05	5.016157e+00
8.567530411500435e-05	5.016162e+00
8.577530411500722e-05	5.016166e+00
8.587530411501010e-05	5.016170e+00
8.597530411501297e-05	5.016173e+00
8.607530411501585e-05	5.016176e+00
8.617530411501872e-05	5.016178e+00
8.627530411502160e-05	5.016180e+00
8.637530411502448e-05	5.016181e+00
8.647530411502735e-05	5.016182e+00
8.657530411503023e-05	5.016183e+00
8.667530411503310e-05	5.016183e+00
8.677530411503598e-05	5.016183e+00
8.687530411503885e-05	5.016182e+00
8.697530411504173e-05	5.016181e+00
8.707530411504460e-05	5.016179e+00
8.717530411504748e-05	5.016177e+00
8.727530411505036e-05	5.016175e+00
8.737530411505323e-05	5.016172e+00
8.747530411505611e-05	5.016169e+00
8.757530411505898e-05	5.016165e+00
8.767530411506186e-05	5.016161e+00
8.777530411506473e-05	5.016156e+00
8.787530411506761e-05	5.016151e+00
8.797530411507049e-05	5.016146e+00
8.807530411507336e-05	5.016140e+00
8.817530411507624e-05	5.016134e+00
8.827530411507911e-05	5.016128e+00
8.837530411508199e-05	5.016121e+00
8.847530411508486e-05	5.016113e+00
8.857530411508774e-05	5.016106e+00
8.867530411509061e-05	5.016098e+00
8.877530411509349e-05	5.016089e+00
8.887530411509637e-05	5.016080e+00
8.897530411509924e-05	5.016070e+00
8.907530411510212e-05	5.016061e+00
8.917530411510499e-05	5.016051e+00
8.927530411510787e-05	5.016040e+00
8.937530411511074e-05	5.016029e+00
8.947530411511362e-05	5.016018e+00
8.957530411511649e-05	5.016007e+00
8.967530411511937e-05	5.015995e+00
8.977530411512225e-05	5.015983e+00
8.987530411512512e-05	5.015970e+00
8.997530411512800e-05	5.015957e+00
9.007530411513087e-05	5.015944e+00
9.017530411513375e-05	5.015930e+00
9.027530411513662e-05	5.015915e+00
9.037530411513950e-05	5.015901e+00
9.047530411514237e-05	5.015886e+00
9.057530411514525e-05	5.015871e+00
9.067530411514813e-05	5.015856e+00
9.077530411515100e-05	5.015840e+00
9.087530411515388e-05	5.015824e+00
9.097530411515675e-05	5.015807e+00
9.107530411515963e-05	5.015790e+00
9.117530411516250e-05	5.015773e+00
9.127530411516538e-05	5.015756e+00
9.137530411516825e-05	5.015738e+00
9.147530411517113e-05	5.015720e+00
9.157530411517401e-05	5.015701e+00
9.167530411517688e-05	5.015683e+00
9.177530411517976e-05	5.015664e+00
9.187530411518263e-05	5.015645e+00
9.197530411518551e-05	5.015625e+00
9.207530411518838e-05	5.015605e+00
9.217530411519126e-05	5.015584e+00
9.227530411519413e-05	5.015564e+00
9.237530411519701e-05	5.015543e+00
9.247530411519989e-05	5.015522e+00
9.257530411520276e-05	5.015501e+00
9.267530411520564e-05	5.015479e+00
9.277530411520851e-05	5.015457e+00
9.287530411521139e-05	5.015435e+00
9.297530411521426e-05	5.015412e+00
9.307530411521714e-05	5.015389e+00
9.317530411522001e-05	5.015367e+00
9.327530411522289e-05	5.015343e+00
9.337530411522577e-05	5.015320e+00
9.347530411522864e-05	5.015296e+00
9.357530411523152e-05	5.015272e+00
9.367530411523439e-05	5.015247e+00
9.377530411523727e-05	5.015223e+00
9.387530411524014e-05	5.015198e+00
9.397530411524302e-05	5.015173e+00
9.407530411524589e-05	5.015148e+00
9.417530411524877e-05	5.015122e+00
9.427530411525165e-05	5.015096e+00
9.437530411525452e-05	5.015070e+00
9.447530411525740e-05	5.015044e+00
9.457530411526027e-05	5.015018e+00
9.467530411526315e-05	5.014991e+00
9.477530411526602e-05	5.014964e+00
9.487530411526890e-05	5.014937e+00
9.497530411527177e-05	5.014910e+00
9.507530411527465e-05	5.014882e+00
9.517530411527753e-05	5.014854e+00
9.527530411528040e-05	5.014826e+00
9.537530411528328e-05	5.014798e+00
9.547530411528615e-05	5.014770e+00
9.557530411528903e-05	5.014741e+00
9.567530411529190e-05	5.014713e+00
9.577530411529478e-05	5.014684e+00
9.587530411529765e-05	5.014655e+00
9.597530411530053e-05	5.014626e+00
9.607530411530341e-05	5.014596e+00
9.617530411530628e-05	5.014566e+00
9.627530411530916e-05	5.014537e+00
9.637530411531203e-05	5.014507e+00
9.647530411531491e-05	5.014477e+00
9.657530411531778e-05	5.014447e+00
9.667530411532066e-05	5.014416e+00
9.677530411532353e-05	5.014386e+00
9.687530411532641e-05	5.014355e+00
9.697530411532929e-05	5.014324e+00
9.707530411533216e-05	5.014293e+00
9.717530411533504e-05	5.014262e+00
9.727530411533791e-05	5.014231e+00
9.737530411534079e-05	5.014199e+00
9.747530411534366e-05	5.014168e+00
9.757530411534654e-05	5.014136e+00
9.767530411534942e-05	5.014104e+00
9.777530411535229e-05	5.014072e+00
9.787530411535517e-05	5.014040e+00
9.797530411535804e-05	5.014008e+00
9.807530411536092e-05	5.013976e+00
9.817530411536379e-05	5.013944e+00
9.827530411536667e-05	5.013911e+00
9.837530411536954e-05	5.013879e+00
9.847530411537242e-05	5.013846e+00
9.857530411537530e-05	5.013813e+00
9.867530411537817e-05	5.013781e+00
9.877530411538105e-05	5.013748e+00
9.887530411538392e-05	5.013714e+00
9.897530411538680e-05	5.013681e+00
9.907530411538967e-05	5.013649e+00
9.917530411539255e-05	5.013615e+00
9.927530411539542e-05	5.013582e+00
9.937530411539830e-05	5.013548e+00
9.947530411540118e-05	5.013515e+00
9.957530411540405e-05	5.013481e+00
9.967530411540693e-05	5.013448e+00
9.977530411540980e-05	5.013414e+00
9.987530411541268e-05	5.013381e+00
9.997530411541555e-05	5.013347e+00
1.000753041154184e-04	5.013313e+00
1.001753041154213e-04	5.013279e+00
1.002753041154242e-04	5.013245e+00
1.003753041154271e-04	5.013211e+00
1.004753041154299e-04	5.013177e+00
1.005753041154328e-04	5.013144e+00
1.006753041154357e-04	5.013109e+00
1.007753041154386e-04	5.013075e+00
1.008753041154414e-04	5.013041e+00
1.009753041154443e-04	5.013007e+00
1.010753041154472e-04	5.012973e+00
1.011753041154501e-04	5.012939e+00
1.012753041154529e-04	5.012905e+00
1.013753041154558e-04	5.012871e+00
1.014753041154587e-04	5.012836e+00
1.015753041154616e-04	5.012803e+00
1.016753041154644e-04	5.012768e+00
1.017753041154673e-04	5.012734e+00
1.018753041154702e-04	5.012700e+00
1.019753041154731e-04	5.012666e+00
1.020753041154759e-04	5.012632e+00
1.021753041154788e-04	5.012598e+00
1.022753041154817e-04	5.012564e+00
1.023753041154846e-04	5.012529e+00
1.024753041154874e-04	5.012496e+00
1.025753041154903e-04	5.012461e+00
1.026753041154932e-04	5.012427e+00
1.027753041154961e-04	5.012393e+00
1.028753041154989e-04	5.012360e+00
1.029753041155018e-04	5.012326e+00
1.030753041155047e-04	5.012292e+00
1.031753041155076e-04	5.012258e+00
1.032753041155104e-04	5.012224e+00
1.033753041155133e-04	5.012190e+00
1.034753041155162e-04	5.012156e+00
1.035753041155191e-04	5.012123e+00
1.036753041155219e-04	5.012089e+00
1.037753041155248e-04	5.012056e+00
1.038753041155277e-04	5.012022e+00
1.039753041155306e-04	5.011989e+00
1.040753041155335e-04	5.011956e+00
1.041753041155363e-04	5.011922e+00
1.042753041155392e-04	5.011889e+00
1.043753041155421e-04	5.011856e+00
1.044753041155450e-04	5.011823e+00
1.045753041155478e-04	5.011790e+00
1.046753041155507e-04	5.011757e+00
1.047753041155536e-04	5.011724e+00
1.048753041155565e-04	5.011692e+00
1.049753041155593e-04	5.011659e+00
1.050753041155622e-04	5.011626e+00
1.051753041155651e-04	5.011594e+00
1.052753041155680e-04	5.011562e+00
1.053753041155708e-04	5.011529e+00
1.054753041155737e-04	5.011497e+00
1.055753041155766e-04	5.011465e+00
1.056753041155795e-04	5.011433e+00
1.057753041155823e-04	5.011401e+00
1.058753041155852e-04	5.011370e+00
1.059753041155881e-04	5.011338e+00
1.060753041155910e-04	5.011306e+00
1.061753041155938e-04	5.011275e+00
1.062753041155967e-04	5.011243e+00
1.063753041155996e-04	5.011212e+00
1.064753041156025e-04	5.011181e+00
1.065753041156053e-04	5.011150e+00
1.066753041156082e-04	5.011119e+00
1.067753041156111e-04	5.011089e+00
1.068753041156140e-04	5.011058e+00
1.069753041156168e-04	5.011028e+00
1.070753041156197e-04	5.010997e+00
1.071753041156226e-04	5.010967e+00
1.072753041156255e-04	5.010937e+00
1.073753041156283e-04	5.010907e+00
1.074753041156312e-04	5.010878e+00
1.075753041156341e-04	5.010848e+00
1.076753041156370e-04	5.010818e+00
1.077753041156398e-04	5.010789e+00
1.078753041156427e-04	5.010760e+00
1.079753041156456e-04	5.010731e+00
1.080753041156485e-04	5.010702e+00
1.081753041156513e-04	5.010674e+00
1.082753041156542e-04	5.010645e+00
1.083753041156571e-04	5.010616e+00
1.084753041156600e-04	5.010588e+00
1.085753041156629e-04	5.010560e+00
1.086753041156657e-04	5.010532e+00
1.087753041156686e-04	5.010504e+00
1.088753041156715e-04	5.010477e+00
1.089753041156744e-04	5.010449e+00
1.090753041156772e-04	5.010422e+00
1.091753041156801e-04	5.010395e+00
1.092753041156830e-04	5.010368e+00
1.093753041156859e-04	5.010341e+00
1.094753041156887e-04	5.010314e+00
1.095753041156916e-04	5.010288e+00
1.096753041156945e-04	5.010262e+00
1.097753041156974e-04	5.010236e+00
1.098753041157002e-04	5.010210e+00
1.099753041157031e-04	5.010184e+00
1.100753041157060e-04	5.010159e+00
1.101753041157089e-04	5.010133e+00
1.102753041157117e-04	5.010108e+00
1.103753041157146e-04	5.010083e+00
1.104753041157175e-04	5.010058e+00
1.105753041157204e-04	5.010034e+00
1.106753041157232e-04	5.010009e+00
1.107753041157261e-04	5.009985e+00
1.108753041157290e-04	5.009961e+00
1.109753041157319e-04	5.009937e+00
1.110753041157347e-04	5.009913e+00
1.111753041157376e-04	5.009890e+00
1.112753041157405e-04	5.009867e+00
1.113753041157434e-04	5.009844e+00
1.114753041157462e-04	5.009821e+00
1.115753041157491e-04	5.009798e+00
1.116753041157520e-04	5.009776e+00
1.117753041157549e-04	5.009753e+00
1.118753041157577e-04	5.009731e+00
1.119753041157606e-04	5.009709e+00
1.120753041157635e-04	5.009688e+00
1.121753041157664e-04	5.009666e+00
1.122753041157692e-04	5.009645e+00
1.123753041157721e-04	5.009624e+00
1.124753041157750e-04	5.009604e+00
1.125753041157779e-04	5.009583e+00
1.126753041157808e-04	5.009562e+00
1.127753041157836e-04	5.009542e+00
1.128753041157865e-04	5.009522e+00
1.129753041157894e-04	5.009502e+00
1.130753041157923e-04	5.009483e+00
1.131753041157951e-04	5.009463e+00
1.132753041157980e-04	5.009444e+00
1.133753041158009e-04	5.009426e+00
1.134753041158038e-04	5.009407e+00
1.135753041158066e-04	5.009388e+00
1.136753041158095e-04	5.009370e+00
1.137753041158124e-04	5.009352e+00
1.138753041158153e-04	5.009334e+00
1.139753041158181e-04	5.009316e+00
1.140753041158210e-04	5.009299e+00
1.141753041158239e-04	5.009282e+00
1.142753041158268e-04	5.009265e+00
1.143753041158296e-04	5.009248e+00
1.144753041158325e-04	5.009232e+00
1.145753041158354e-04	5.009215e+00
1.146753041158383e-04	5.009199e+00
1.147753041158411e-04	5.009183e+00
1.148753041158440e-04	5.009168e+00
1.149753041158469e-04	5.009152e+00
1.150753041158498e-04	5.009137e+00
1.151753041158526e-04	5.009122e+00
1.152753041158555e-04	5.009108e+00
1.153753041158584e-04	5.009093e+00
1.154753041158613e-04	5.009079e+00
1.155753041158641e-04	5.009064e+00
1.156753041158670e-04	5.009050e+00
1.157753041158699e-04	5.009037e+00
1.158753041158728e-04	5.009024e+00
1.159753041158756e-04	5.009010e+00
1.160753041158785e-04	5.008997e+00
1.161753041158814e-04	5.008985e+00
1.162753041158843e-04	5.008972e+00
1.163753041158871e-04	5.008960e+00
1.164753041158900e-04	5.008948e+00
1.165753041158929e-04	5.008936e+00
1.166753041158958e-04	5.008924e+00
1.167753041158986e-04	5.008913e+00
1.168753041159015e-04	5.008902e+00
1.169753041159044e-04	5.008891e+00
1.170753041159073e-04	5.008880e+00
1.171753041159102e-04	5.008870e+00
1.172753041159130e-04	5.008859e+00
1.173753041159159e-04	5.008849e+00
1.174753041159188e-04	5.008839e+00
1.175753041159217e-04	5.008830e+00
1.176753041159245e-04	5.008820e+00
1.177753041159274e-04	5.008811e+00
1.178753041159303e-04	5.008802e+00
1.179753041159332e-04	5.008793e+00
1.180753041159360e-04	5.008785e+00
1.181753041159389e-04	5.008777e+00
1.182753041159418e-04	5.008769e+00
1.183753041159447e-04	5.008760e+00
1.184753041159475e-04	5.008753e+00
1.185753041159504e-04	5.008746e+00
1.186753041159533e-04	5.008739e+00
1.187753041159562e-04	5.008731e+00
1.188753041159590e-04	5.008725e+00
1.189753041159619e-04	5.008718e+00
1.190753041159648e-04	5.008712e+00
1.191753041159677e-04	5.008706e+00
1.192753041159705e-04	5.008700e+00
1.193753041159734e-04	5.008694e+00
1.194753041159763e-04	5.008688e+00
1.195753041159792e-04	5.008683e+00
1.196753041159820e-04	5.008678e+00
1.197753041159849e-04	5.008674e+00
1.198753041159878e-04	5.008669e+00
1.199753041159907e-04	5.008665e+00
1.200753041159935e-04	5.008660e+00
1.201753041159964e-04	5.008657e+00
1.202753041159993e-04	5.008653e+00
1.203753041160022e-04	5.008649e+00
1.204753041160050e-04	5.008646e+00
1.205753041160079e-04	5.008643e+00
1.206753041160108e-04	5.008640e+00
1.207753041160137e-04	5.008637e+00
1.208753041160165e-04	5.008635e+00
1.209753041160194e-04	5.008632e+00
1.210753041160223e-04	5.008630e+00
1.211753041160252e-04	5.008628e+00
1.212753041160280e-04	5.008626e+00
1.213753041160309e-04	5.008625e+00
1.214753041160338e-04	5.008624e+00
1.215753041160367e-04	5.008623e+00
1.216753041160396e-04	5.008622e+00
1.217753041160424e-04	5.008621e+00
1.218753041160453e-04	5.008621e+00
1.219753041160482e-04	5.008620e+00
1.220753041160511e-04	5.008620e+00
1.221753041160539e-04	5.008620e+00
1.222753041160568e-04	5.008621e+00
1.223753041160597e-04	5.008621e+00
1.224753041160626e-04	5.008622e+00
1.225753041160654e-04	5.008623e+00
1.226753041160683e-04	5.008624e+00
1.227753041160712e-04	5.008625e+00
1.228753041160741e-04	5.008626e+00
1.229753041160769e-04	5.008628e+00
1.230753041160798e-04	5.008630e+00
1.231753041160827e-04	5.008632e+00
1.232753041160856e-04	5.008634e+00
1.233753041160884e-04	5.008636e+00
1.234753041160913e-04	5.008639e+00
1.235753041160942e-04	5.008642e+00
1.236753041160971e-04	5.008645e+00
1.237753041160999e-04	5.008647e+00
1.238753041161028e-04	5.008651e+00
1.239753041161057e-04	5.008655e+00
1.240753041161086e-04	5.008658e+00
1.241753041161114e-04	5.008662e+00
1.242753041161143e-04	5.008666e+00
1.243753041161172e-04	5.008670e+00
1.244753041161201e-04	5.008674e+00
1.245753041161229e-04	5.008679e+00
1.246753041161258e-04	5.008683e+00
1.247753041161287e-04	5.008688e+00
1.248753041161316e-04	5.008693e+00
1.249753041161344e-04	5.008698e+00
1.250753041161373e-04	5.008704e+00
1.251753041161402e-04	5.008709e+00
1.252753041161431e-04	5.008715e+00
1.253753041161459e-04	5.008720e+00
1.254753041161488e-04	5.008727e+00
1.255753041161517e-04	5.008733e+00
1.256753041161546e-04	5.008739e+00
1.257753041161574e-04	5.008745e+00
1.258753041161603e-04	5.008752e+00
1.259753041161632e-04	5.008759e+00
1.260753041161661e-04	5.008766e+00
1.261753041161690e-04	5.008773e+00
1.262753041161718e-04	5.008780e+00
1.263753041161747e-04	5.008787e+00
1.264753041161776e-04	5.008795e+00
1.265753041161805e-04	5.008802e+00
1.266753041161833e-04	5.008810e+00
1.267753041161862e-04	5.008818e+00
1.268753041161891e-04	5.008826e+00
1.269753041161920e-04	5.008834e+00
1.270753041161948e-04	5.008842e+00
1.271753041161977e-04	5.008851e+00
1.272753041162006e-04	5.008860e+00
1.273753041162035e-04	5.008868e+00
1.274753041162063e-04	5.008877e+00
1.275753041162092e-04	5.008886e+00
1.276753041162121e-04	5.008895e+00
1.277753041162150e-04	5.008904e+00
1.278753041162178e-04	5.008914e+00
1.279753041162207e-04	5.008924e+00
1.280753041162236e-04	5.008933e+00
1.281753041162265e-04	5.008943e+00
1.282753041162293e-04	5.008953e+00
1.283753041162322e-04	5.008963e+00
1.284753041162351e-04	5.008973e+00
1.285753041162380e-04	5.008983e+00
1.286753041162408e-04	5.008994e+00
1.287753041162437e-04	5.009004e+00
1.288753041162466e-04	5.009015e+00
1.289753041162495e-04	5.009026e+00
1.290753041162523e-04	5.009036e+00
1.291753041162552e-04	5.009047e+00
1.292753041162581e-04	5.009058e+00
1.293753041162610e-04	5.009069e+00
1.294753041162638e-04	5.009080e+00
1.295753041162667e-04	5.009092e+00
1.296753041162696e-04	5.009103e+00
1.297753041162725e-04	5.009115e+00
1.298753041162753e-04	5.009127e+00
1.299753041162782e-04	5.009138e+00
1.300753041162811e-04	5.009150e+00
1.301753041162840e-04	5.009162e+00
1.302753041162868e-04	5.009174e+00
1.303753041162897e-04	5.009186e+00
1.304753041162926e-04	5.009199e+00
1.305753041162955e-04	5.009211e+00
1.306753041162984e-04	5.009223e+00
1.307753041163012e-04	5.009235e+00
1.308753041163041e-04	5.009248e+00
1.309753041163070e-04	5.009261e+00
1.310753041163099e-04	5.009274e+00
1.311753041163127e-04	5.009286e+00
1.312753041163156e-04	5.009299e+00
1.313753041163185e-04	5.009312e+00
1.314753041163214e-04	5.009325e+00
1.315753041163242e-04	5.009338e+00
1.316753041163271e-04	5.009351e+00
1.317753041163300e-04	5.009365e+00
1.318753041163329e-04	5.009378e+00
1.319753041163357e-04	5.009391e+00
1.320753041163386e-04	5.009405e+00
1.321753041163415e-04	5.009418e+00
1.322753041163444e-04	5.009432e+00
1.323753041163472e-04	5.009446e+00
1.324753041163501e-04	5.009459e+00
1.325753041163530e-04	5.009473e+00
1.326753041163559e-04	5.009487e+00
1.327753041163587e-04	5.009501e+00
1.328753041163616e-04	5.009515e+00
1.329753041163645e-04	5.009529e+00
1.330753041163674e-04	5.009543e+00
1.331753041163702e-04	5.009557e+00
1.332753041163731e-04	5.009571e+00
1.333753041163760e-04	5.009585e+00
1.334753041163789e-04	5.009600e+00
1.335753041163817e-04	5.009614e+00
1.336753041163846e-04	5.009628e+00
1.337753041163875e-04	5.009643e+00
1.338753041163904e-04	5.009657e+00
1.339753041163932e-04	5.009671e+00
1.340753041163961e-04	5.009686e+00
1.341753041163990e-04	5.009700e+00
1.342753041164019e-04	5.009715e+00
1.343753041164047e-04	5.009730e+00
1.344753041164076e-04	5.009744e+00
1.345753041164105e-04	5.009759e+00
1.346753041164134e-04	5.009774e+00
1.347753041164163e-04	5.009789e+00
1.348753041164191e-04	5.009803e+00
1.349753041164220e-04	5.009818e+00
1.350753041164249e-04	5.009833e+00
1.351753041164278e-04	5.009848e+00
1.352753041164306e-04	5.009862e+00
1.353753041164335e-04	5.009877e+00
1.354753041164364e-04	5.009892e+00
1.355753041164393e-04	5.009907e+00
1.356753041164421e-04	5.009922e+00
1.357753041164450e-04	5.009937e+00
1.358753041164479e-04	5.009952e+00
1.359753041164508e-04	5.009967e+00
1.360753041164536e-04	5.009982e+00
1.361753041164565e-04	5.009997e+00
1.362753041164594e-04	5.010012e+00
1.363753041164623e-04	5.010027e+00
1.364753041164651e-04	5.010042e+00
1.365753041164680e-04	5.010057e+00
1.366753041164709e-04	5.010072e+00
1.367753041164738e-04	5.010087e+00
1.368753041164766e-04	5.010102e+00
1.369753041164795e-04	5.010117e+00
1.370753041164824e-04	5.010132e+00
1.371753041164853e-04	5.010147e+00
1.372753041164881e-04	5.010162e+00
1.373753041164910e-04	5.010177e+00
1.374753041164939e-04	5.010192e+00
1.375753041164968e-04	5.010207e+00
1.376753041164996e-04	5.010222e+00
1.377753041165025e-04	5.010237e+00
1.378753041165054e-04	5.010252e+00
1.379753041165083e-04	5.010267e+00
1.380753041165111e-04	5.010282e+00
1.381753041165140e-04	5.010297e+00
1.382753041165169e-04	5.010312e+00
1.383753041165198e-04	5.010326e+00
1.384753041165226e-04	5.010342e+00
1.385753041165255e-04	5.010356e+00
1.386753041165284e-04	5.010371e+00
1.387753041165313e-04	5.010386e+00
1.388753041165341e-04	5.010401e+00
1.389753041165370e-04	5.010416e+00
1.390753041165399e-04	5.010430e+00
1.391753041165428e-04	5.010445e+00
1.392753041165457e-04	5.010460e+00
1.393753041165485e-04	5.010474e+00
1.394753041165514e-04	5.010489e+00
1.395753041165543e-04	5.010504e+00
1.396753041165572e-04	5.010518e+00
1.397753041165600e-04	5.010533e+00
1.398753041165629e-04	5.010547e+00
1.399753041165658e-04	5.010561e+00
1.400753041165687e-04	5.010576e+00
1.401753041165715e-04	5.010591e+00
1.402753041165744e-04	5.010605e+00
1.403753041165773e-04	5.010619e+00
1.404753041165802e-04	5.010633e+00
1.405753041165830e-04	5.010648e+00
1.406753041165859e-04	5.010662e+00
1.407753041165888e-04	5.010676e+00
1.408753041165917e-04	5.010690e+00
1.409753041165945e-04	5.010704e+00
1.410753041165974e-04	5.010718e+00
1.411753041166003e-04	5.010732e+00
1.412753041166032e-04	5.010746e+00
1.413753041166060e-04	5.010760e+00
1.414753041166089e-04	5.010774e+00
1.415753041166118e-04	5.010787e+00
1.416753041166147e-04	5.010801e+00
1.417753041166175e-04	5.010815e+00
1.418753041166204e-04	5.010828e+00
1.419753041166233e-04	5.010842e+00
1.420753041166262e-04	5.010856e+00
1.421753041166290e-04	5.010869e+00
1.422753041166319e-04	5.010882e+00
1.423753041166348e-04	5.010896e+00
1.424753041166377e-04	5.010909e+00
1.425753041166405e-04	5.010922e+00
1.426753041166434e-04	5.010935e+00
1.427753041166463e-04	5.010948e+00
1.428753041166492e-04	5.010962e+00
1.429753041166520e-04	5.010974e+00
1.430753041166549e-04	5.010987e+00
1.431753041166578e-04	5.011000e+00
1.432753041166607e-04	5.011013e+00
1.433753041166635e-04	5.011025e+00
1.434753041166664e-04	5.011038e+00
1.435753041166693e-04	5.011051e+00
1.436753041166722e-04	5.011063e+00
1.437753041166751e-04	5.011075e+00
1.438753041166779e-04	5.011088e+00
1.439753041166808e-04	5.011100e+00
1.440753041166837e-04	5.011113e+00
1.441753041166866e-04	5.011125e+00
1.442753041166894e-04	5.011137e+00
1.443753041166923e-04	5.011149e+00
1.444753041166952e-04	5.011161e+00
1.445753041166981e-04	5.011173e+00
1.446753041167009e-04	5.011184e+00
1.447753041167038e-04	5.011196e+00
1.448753041167067e-04	5.011208e+00
1.449753041167096e-04	5.011220e+00
1.450753041167124e-04	5.011231e+00
1.451753041167153e-04	5.011242e+00
1.452753041167182e-04	5.011253e+00
1.453753041167211e-04	5.011265e+00
1.454753041167239e-04	5.011276e+00
1.455753041167268e-04	5.011287e+00
1.456753041167297e-04	5.011298e+00
1.457753041167326e-04	5.011309e+00
1.458753041167354e-04	5.011320e+00
1.459753041167383e-04	5.011331e+00
1.460753041167412e-04	5.011341e+00
1.461753041167441e-04	5.011352e+00
1.462753041167469e-04	5.011362e+00
1.463753041167498e-04	5.011373e+00
1.464753041167527e-04	5.011383e+00
1.465753041167556e-04	5.011393e+00
1.466753041167584e-04	5.011404e+00
1.467753041167613e-04	5.011414e+00
1.468753041167642e-04	5.011424e+00
1.469753041167671e-04	5.011433e+00
1.470753041167699e-04	5.011443e+00
1.471753041167728e-04	5.011453e+00
1.472753041167757e-04	5.011463e+00
1.473753041167786e-04	5.011472e+00
1.474753041167814e-04	5.011482e+00
1.475753041167843e-04	5.011491e+00
1.476753041167872e-04	5.011500e+00
1.477753041167901e-04	5.011509e+00
1.478753041167929e-04	5.011518e+00
1.479753041167958e-04	5.011528e+00
1.480753041167987e-04	5.011537e+00
1.481753041168016e-04	5.011545e+00
1.482753041168045e-04	5.011554e+00
1.483753041168073e-04	5.011563e+00
1.484753041168102e-04	5.011571e+00
1.485753041168131e-04	5.011580e+00
1.486753041168160e-04	5.011588e+00
1.487753041168188e-04	5.011596e+00
1.488753041168217e-04	5.011604e+00
1.489753041168246e-04	5.011612e+00
1.490753041168275e-04	5.011621e+00
1.491753041168303e-04	5.011629e+00
1.492753041168332e-04	5.011636e+00
1.493753041168361e-04	5.011644e+00
1.494753041168390e-04	5.011652e+00
1.495753041168418e-04	5.011659e+00
1.496753041168447e-04	5.011666e+00
1.497753041168476e-04	5.011674e+00
1.498753041168505e-04	5.011681e+00
1.499753041168533e-04	5.011688e+00
1.500753041168562e-04	5.011695e+00
1.501753041168591e-04	5.011702e+00
1.502753041168620e-04	5.011709e+00
1.503753041168648e-04	5.011716e+00
1.504753041168677e-04	5.011723e+00
1.505753041168706e-04	5.011729e+00
1.506753041168735e-04	5.011735e+00
1.507753041168763e-04	5.011742e+00
1.508753041168792e-04	5.011748e+00
1.509753041168821e-04	5.011754e+00
1.510753041168850e-04	5.011760e+00
1.511753041168878e-04	5.011766e+00
1.512753041168907e-04	5.011772e+00
1.513753041168936e-04	5.011778e+00
1.514753041168965e-04	5.011784e+00
1.515753041168993e-04	5.011789e+00
1.516753041169022e-04	5.011795e+00
1.517753041169051e-04	5.011800e+00
1.518753041169080e-04	5.011806e+00
1.519753041169108e-04	5.011810e+00
1.520753041169137e-04	5.011816e+00
1.521753041169166e-04	5.011821e+00
1.522753041169195e-04	5.011826e+00
1.523753041169223e-04	5.011830e+00
1.524753041169252e-04	5.011835e+00
1.525753041169281e-04	5.011840e+00
1.526753041169310e-04	5.011844e+00
1.527753041169339e-04	5.011848e+00
1.528753041169367e-04	5.011853e+00
1.529753041169396e-04	5.011857e+00
1.530753041169425e-04	5.011861e+00
1.531753041169454e-04	5.011865e+00
1.532753041169482e-04	5.011869e+00
1.533753041169511e-04	5.011873e+00
1.534753041169540e-04	5.011877e+00
1.535753041169569e-04	5.011880e+00
1.536753041169597e-04	5.011884e+00
1.537753041169626e-04	5.011888e+00
1.538753041169655e-04	5.011891e+00
1.539753041169684e-04	5.011894e+00
1.540753041169712e-04	5.011897e+00
1.541753041169741e-04	5.011900e+00
1.542753041169770e-04	5.011903e+00
1.543753041169799e-04	5.011906e+00
1.544753041169827e-04	5.011909e+00
1.545753041169856e-04	5.011912e+00
1.546753041169885e-04	5.011914e+00
1.547753041169914e-04	5.011917e+00
1.548753041169942e-04	5.011919e+00
1.549753041169971e-04	5.011921e+00
1.550753041170000e-04	5.011924e+00
1.551753041170029e-04	5.011926e+00
1.552753041170057e-04	5.011928e+00
1.553753041170086e-04	5.011930e+00
1.554753041170115e-04	5.011932e+00
1.555753041170144e-04	5.011933e+00
1.556753041170172e-04	5.011935e+00
1.557753041170201e-04	5.011937e+00
1.558753041170230e-04	5.011938e+00
1.559753041170259e-04	5.011940e+00
1.560753041170287e-04	5.011941e+00
1.561753041170316e-04	5.011942e+00
1.562753041170345e-04	5.011943e+00
1.563753041170374e-04	5.011944e+00
1.564753041170402e-04	5.011945e+00
1.565753041170431e-04	5.011946e+00
1.566753041170460e-04	5.011947e+00
1.567753041170489e-04	5.011948e+00
1.568753041170518e-04	5.011948e+00
1.569753041170546e-04	5.011949e+00
1.570753041170575e-04	5.011949e+00
1.571753041170604e-04	5.011950e+00
1.572753041170633e-04	5.011950e+00
1.573753041170661e-04	5.011950e+00
1.574753041170690e-04	5.011950e+00
1.575753041170719e-04	5.011950e+00
1.576753041170748e-04	5.011950e+00
1.577753041170776e-04	5.011950e+00
1.578753041170805e-04	5.011950e+00
1.579753041170834e-04	5.011949e+00
1.580753041170863e-04	5.011949e+00
1.581753041170891e-04	5.011948e+00
1.582753041170920e-04	5.011948e+00
1.583753041170949e-04	5.011947e+00
1.584753041170978e-04	5.011946e+00
1.585753041171006e-04	5.011945e+00
1.586753041171035e-04	5.011944e+00
1.587753041171064e-04	5.011943e+00
1.588753041171093e-04	5.011942e+00
1.589753041171121e-04	5.011941e+00
1.590753041171150e-04	5.011940e+00
1.591753041171179e-04	5.011939e+00
1.592753041171208e-04	5.011937e+00
1.593753041171236e-04	5.011936e+00
1.594753041171265e-04	5.011934e+00
1.595753041171294e-04	5.011933e+00
1.596753041171323e-04	5.011931e+00
1.597753041171351e-04	5.011929e+00
1.598753041171380e-04	5.011927e+00
1.599753041171409e-04	5.011925e+00
1.600753041171438e-04	5.011923e+00
1.601753041171466e-04	5.011921e+00
1.602753041171495e-04	5.011919e+00
1.603753041171524e-04	5.011917e+00
1.604753041171553e-04	5.011915e+00
1.605753041171581e-04	5.011912e+00
1.606753041171610e-04	5.011910e+00
1.607753041171639e-04	5.011908e+00
1.608753041171668e-04	5.011905e+00
1.609753041171696e-04	5.011902e+00
1.610753041171725e-04	5.011899e+00
1.611753041171754e-04	5.011897e+00
1.612753041171783e-04	5.011894e+00
1.613753041171812e-04	5.011891e+00
1.614753041171840e-04	5.011888e+00
1.615753041171869e-04	5.011885e+00
1.616753041171898e-04	5.011882e+00
1.617753041171927e-04	5.011878e+00
1.618753041171955e-04	5.011876e+00
1.619753041171984e-04	5.011872e+00
1.620753041172013e-04	5.011869e+00
1.621753041172042e-04	5.011866e+00
1.622753041172070e-04	5.011862e+00
1.623753041172099e-04	5.011858e+00
1.624753041172128e-04	5.011855e+00
1.625753041172157e-04	5.011851e+00
1.626753041172185e-04	5.011847e+00
1.627753041172214e-04	5.011844e+00
1.628753041172243e-04	5.011840e+00
1.629753041172272e-04	5.011836e+00
1.630753041172300e-04	5.011832e+00
1.631753041172329e-04	5.011828e+00
1.632753041172358e-04	5.011824e+00
1.633753041172387e-04	5.011820e+00
1.634753041172415e-04	5.011816e+00
1.635753041172444e-04	5.011811e+00
1.636753041172473e-04	5.011807e+00
1.637753041172502e-04	5.011803e+00
1.638753041172530e-04	5.011798e+00
1.639753041172559e-04	5.011794e+00
1.640753041172588e-04	5.011789e+00
1.641753041172617e-04	5.011785e+00
1.642753041172645e-04	5.011780e+00
1.643753041172674e-04	5.011775e+00
1.644753041172703e-04	5.011771e+00
1.645753041172732e-04	5.011766e+00
1.646753041172760e-04	5.011761e+00
1.647753041172789e-04	5.011756e+00
1.648753041172818e-04	5.011752e+00
1.649753041172847e-04	5.011746e+00
1.650753041172875e-04	5.011742e+00
1.651753041172904e-04	5.011736e+00
1.652753041172933e-04	5.011732e+00
1.653753041172962e-04	5.011726e+00
1.654753041172990e-04	5.011721e+00
1.655753041173019e-04	5.011716e+00
1.656753041173048e-04	5.011711e+00
1.657753041173077e-04	5.011705e+00
1.658753041173106e-04	5.011700e+00
1.659753041173134e-04	5.011695e+00
1.660753041173163e-04	5.011689e+00
1.661753041173192e-04	5.011684e+00
1.662753041173221e-04	5.011678e+00
1.663753041173249e-04	5.011673e+00
1.664753041173278e-04	5.011667e+00
1.665753041173307e-04	5.011662e+00
1.666753041173336e-04	5.011656e+00
1.667753041173364e-04	5.011651e+00
1.668753041173393e-04	5.011645e+00
1.669753041173422e-04	5.011639e+00
1.670753041173451e-04	5.011633e+00
1.671753041173479e-04	5.011628e+00
1.672753041173508e-04	5.011622e+00
1.673753041173537e-04	5.011616e+00
1.674753041173566e-04	5.011610e+00
1.675753041173594e-04	5.011604e+00
1.676753041173623e-04	5.011598e+00
1.677753041173652e-04	5.011592e+00
1.678753041173681e-04	5.011586e+00
1.679753041173709e-04	5.011580e+00
1.680753041173738e-04	5.011574e+00
1.681753041173767e-04	5.011568e+00
1.682753041173796e-04	5.011562e+00
1.683753041173824e-04	5.011556e+00
1.684753041173853e-04	5.011550e+00
1.685753041173882e-04	5.011544e+00
1.686753041173911e-04	5.011538e+00
1.687753041173939e-04	5.011531e+00
1.688753041173968e-04	5.011525e+00
1.689753041173997e-04	5.011519e+00
1.690753041174026e-04	5.011513e+00
1.691753041174054e-04	5.011506e+00
1.692753041174083e-04	5.011500e+00
1.693753041174112e-04	5.011494e+00
1.694753041174141e-04	5.011487e+00
1.695753041174169e-04	5.011481e+00
1.696753041174198e-04	5.011475e+00
1.697753041174227e-04	5.011468e+00
1.698753041174256e-04	5.011462e+00
1.699753041174284e-04	5.011456e+00
1.700753041174313e-04	5.011449e+00
1.701753041174342e-04	5.011443e+00
1.702753041174371e-04	5.011436e+00
1.703753041174400e-04	5.011429e+00
1.704753041174428e-04	5.011423e+00
1.705753041174457e-04	5.011416e+00
1.706753041174486e-04	5.011410e+00
1.707753041174515e-04	5.011404e+00
1.708753041174543e-04	5.011397e+00
1.709753041174572e-04	5.011391e+00
1.710753041174601e-04	5.011384e+00
1.711753041174630e-04	5.011377e+00
1.712753041174658e-04	5.011371e+00
1.713753041174687e-04	5.011364e+00
1.714753041174716e-04	5.011358e+00
1.715753041174745e-04	5.011351e+00
1.716753041174773e-04	5.011344e+00
1.717753041174802e-04	5.011338e+00
1.718753041174831e-04	5.011332e+00
1.719753041174860e-04	5.011325e+00
1.720753041174888e-04	5.011318e+00
1.721753041174917e-04	5.011312e+00
1.722753041174946e-04	5.011305e+00
1.723753041174975e-04	5.011299e+00
1.724753041175003e-04	5.011292e+00
1.725753041175032e-04	5.011285e+00
1.726753041175061e-04	5.011279e+00
1.727753041175090e-04	5.011272e+00
1.728753041175118e-04	5.011265e+00
1.729753041175147e-04	5.011259e+00
1.730753041175176e-04	5.011252e+00
1.731753041175205e-04	5.011246e+00
1.732753041175233e-04	5.011239e+00
1.733753041175262e-04	5.011233e+00
1.734753041175291e-04	5.011226e+00
1.735753041175320e-04	5.011220e+00
1.736753041175348e-04	5.011213e+00
1.737753041175377e-04	5.011207e+00
1.738753041175406e-04	5.011200e+00
1.739753041175435e-04	5.011193e+00
1.740753041175463e-04	5.011187e+00
1.741753041175492e-04	5.011180e+00
1.742753041175521e-04	5.011174e+00
1.743753041175550e-04	5.011168e+00
1.744753041175579e-04	5.011161e+00
1.745753041175607e-04	5.011154e+00
1.746753041175636e-04	5.011148e+00
1.747753041175665e-04	5.011141e+00
1.748753041175694e-04	5.011135e+00
1.749753041175722e-04	5.011129e+00
1.750753041175751e-04	5.011122e+00
1.751753041175780e-04	5.011116e+00
1.752753041175809e-04	5.011109e+00
1.753753041175837e-04	5.011103e+00
1.754753041175866e-04	5.011097e+00
1.755753041175895e-04	5.011090e+00
1.756753041175924e-04	5.011084e+00
1.757753041175952e-04	5.011078e+00
1.758753041175981e-04	5.011072e+00
1.759753041176010e-04	5.011065e+00
1.760753041176039e-04	5.011059e+00
1.761753041176067e-04	5.011053e+00
1.762753041176096e-04	5.011046e+00
1.763753041176125e-04	5.011041e+00
1.764753041176154e-04	5.011034e+00
1.765753041176182e-04	5.011028e+00
1.766753041176211e-04	5.011022e+00
1.767753041176240e-04	5.011016e+00
1.768753041176269e-04	5.011010e+00
1.769753041176297e-04	5.011004e+00
1.770753041176326e-04	5.010998e+00
1.771753041176355e-04	5.010992e+00
1.772753041176384e-04	5.010986e+00
1.773753041176412e-04	5.010980e+00
1.774753041176441e-04	5.010974e+00
1.775753041176470e-04	5.010968e+00
1.776753041176499e-04	5.010962e+00
1.777753041176527e-04	5.010956e+00
1.778753041176556e-04	5.010950e+00
1.779753041176585e-04	5.010944e+00
1.780753041176614e-04	5.010939e+00
1.781753041176642e-04	5.010933e+00
1.782753041176671e-04	5.010927e+00
1.783753041176700e-04	5.010921e+00
1.784753041176729e-04	5.010916e+00
1.785753041176757e-04	5.010910e+00
1.786753041176786e-04	5.010904e+00
1.787753041176815e-04	5.010899e+00
1.788753041176844e-04	5.010893e+00
1.789753041176873e-04	5.010888e+00
1.790753041176901e-04	5.010882e+00
1.791753041176930e-04	5.010877e+00
1.792753041176959e-04	5.010871e+00
1.793753041176988e-04	5.010866e+00
1.794753041177016e-04	5.010860e+00
1.795753041177045e-04	5.010855e+00
1.796753041177074e-04	5.010850e+00
1.797753041177103e-04	5.010845e+00
1.798753041177131e-04	5.010839e+00
1.799753041177160e-04	5.010834e+00
1.800753041177189e-04	5.010829e+00
1.801753041177218e-04	5.010824e+00
1.802753041177246e-04	5.010818e+00
1.803753041177275e-04	5.010813e+00
1.804753041177304e-04	5.010808e+00
1.805753041177333e-04	5.010803e+00
1.806753041177361e-04	5.010798e+00
1.807753041177390e-04	5.010793e+00
1.808753041177419e-04	5.010788e+00
1.809753041177448e-04	5.010784e+00
1.810753041177476e-04	5.010779e+00
1.811753041177505e-04	5.010774e+00
1.812753041177534e-04	5.010769e+00
1.813753041177563e-04	5.010764e+00
1.814753041177591e-04	5.010760e+00
1.815753041177620e-04	5.010755e+00
1.816753041177649e-04	5.010750e+00
1.817753041177678e-04	5.010746e+00
1.818753041177706e-04	5.010741e+00
1.819753041177735e-04	5.010736e+00
1.820753041177764e-04	5.010732e+00
1.821753041177793e-04	5.010728e+00
1.822753041177821e-04	5.010723e+00
1.823753041177850e-04	5.010719e+00
1.824753041177879e-04	5.010715e+00
1.825753041177908e-04	5.010710e+00
1.826753041177936e-04	5.010706e+00
1.827753041177965e-04	5.010702e+00
1.828753041177994e-04	5.010698e+00
1.829753041178023e-04	5.010694e+00
1.830753041178051e-04	5.010689e+00
1.831753041178080e-04	5.010685e+00
1.832753041178109e-04	5.010681e+00
1.833753041178138e-04	5.010677e+00
1.834753041178167e-04	5.010674e+00
1.835753041178195e-04	5.010669e+00
1.836753041178224e-04	5.010665e+00
1.837753041178253e-04	5.010662e+00
1.838753041178282e-04	5.010658e+00
1.839753041178310e-04	5.010654e+00
1.840753041178339e-04	5.010651e+00
1.841753041178368e-04	5.010647e+00
1.842753041178397e-04	5.010643e+00
1.843753041178425e-04	5.010640e+00
1.844753041178454e-04	5.010636e+00
1.845753041178483e-04	5.010633e+00
1.846753041178512e-04	5.010629e+00
1.847753041178540e-04	5.010626e+00
1.848753041178569e-04	5.010623e+00
1.849753041178598e-04	5.010619e+00
1.850753041178627e-04	5.010616e+00
1.851753041178655e-04	5.010612e+00
1.852753041178684e-04	5.010610e+00
1.853753041178713e-04	5.010606e+00
1.854753041178742e-04	5.010603e+00
1.855753041178770e-04	5.010600e+00
1.856753041178799e-04	5.010597e+00
1.857753041178828e-04	5.010594e+00
1.858753041178857e-04	5.010591e+00
1.859753041178885e-04	5.010588e+00
1.860753041178914e-04	5.010585e+00
1.861753041178943e-04	5.010582e+00
1.862753041178972e-04	5.010580e+00
1.863753041179000e-04	5.010577e+00
1.864753041179029e-04	5.010574e+00
1.865753041179058e-04	5.010571e+00
1.866753041179087e-04	5.010569e+00
1.867753041179115e-04	5.010567e+00
1.868753041179144e-04	5.010564e+00
1.869753041179173e-04	5.010561e+00
1.870753041179202e-04	5.010559e+00
1.871753041179230e-04	5.010557e+00
1.872753041179259e-04	5.010554e+00
1.873753041179288e-04	5.010552e+00
1.874753041179317e-04	5.010550e+00
1.875753041179345e-04	5.010548e+00
1.876753041179374e-04	5.010545e+00
1.877753041179403e-04	5.010543e+00
1.878753041179432e-04	5.010541e+00
1.879753041179461e-04	5.010539e+00
1.880753041179489e-04	5.010537e+00
1.881753041179518e-04	5.010535e+00
1.882753041179547e-04	5.010533e+00
1.883753041179576e-04	5.010531e+00
1.884753041179604e-04	5.010530e+00
1.885753041179633e-04	5.010528e+00
1.886753041179662e-04	5.010526e+00
1.887753041179691e-04	5.010524e+00
1.888753041179719e-04	5.010523e+00
1.889753041179748e-04	5.010521e+00
1.890753041179777e-04	5.010520e+00
1.891753041179806e-04	5.010518e+00
1.892753041179834e-04	5.010517e+00
1.893753041179863e-04	5.010515e+00
1.894753041179892e-04	5.010514e+00
1.895753041179921e-04	5.010512e+00
1.896753041179949e-04	5.010511e+00
1.897753041179978e-04	5.010509e+00
1.898753041180007e-04	5.010509e+00
1.899753041180036e-04	5.010507e+00
1.900753041180064e-04	5.010506e+00
1.901753041180093e-04	5.010505e+00
1.902753041180122e-04	5.010504e+00
1.903753041180151e-04	5.010503e+00
1.904753041180179e-04	5.010502e+00
1.905753041180208e-04	5.010501e+00
1.906753041180237e-04	5.010500e+00
1.907753041180266e-04	5.010499e+00
1.908753041180294e-04	5.010498e+00
1.909753041180323e-04	5.010498e+00
1.910753041180352e-04	5.010497e+00
1.911753041180381e-04	5.010496e+00
1.912753041180409e-04	5.010495e+00
1.913753041180438e-04	5.010495e+00
1.914753041180467e-04	5.010494e+00
1.915753041180496e-04	5.010493e+00
1.916753041180524e-04	5.010493e+00
1.917753041180553e-04	5.010492e+00
1.918753041180582e-04	5.010492e+00
1.919753041180611e-04	5.010492e+00
1.920753041180639e-04	5.010491e+00
1.921753041180668e-04	5.010491e+00
1.922753041180697e-04	5.010491e+00
1.923753041180726e-04	5.010490e+00
1.924753041180755e-04	5.010490e+00
1.925753041180783e-04	5.010490e+00
1.926753041180812e-04	5.010490e+00
1.927753041180841e-04	5.010490e+00
1.928753041180870e-04	5.010490e+00
1.929753041180898e-04	5.010490e+00
1.930753041180927e-04	5.010490e+00
1.931753041180956e-04	5.010490e+00
1.932753041180985e-04	5.010490e+00
1.933753041181013e-04	5.010490e+00
1.934753041181042e-04	5.010490e+00
1.935753041181071e-04	5.010490e+00
1.936753041181100e-04	5.010491e+00
1.937753041181128e-04	5.010491e+00
1.938753041181157e-04	5.010491e+00
1.939753041181186e-04	5.010492e+00
1.940753041181215e-04	5.010492e+00
1.941753041181243e-04	5.010493e+00
1.942753041181272e-04	5.010493e+00
1.943753041181301e-04	5.010494e+00
1.944753041181330e-04	5.010494e+00
1.945753041181358e-04	5.010495e+00
1.946753041181387e-04	5.010495e+00
1.947753041181416e-04	5.010496e+00
1.948753041181445e-04	5.010497e+00
1.949753041181473e-04	5.010498e+00
1.950753041181502e-04	5.010498e+00
1.951753041181531e-04	5.010499e+00
1.952753041181560e-04	5.010499e+00
1.953753041181588e-04	5.010500e+00
1.954753041181617e-04	5.010501e+00
1.955753041181646e-04	5.010502e+00
1.956753041181675e-04	5.010503e+00
1.957753041181703e-04	5.010504e+00
1.958753041181732e-04	5.010505e+00
1.959753041181761e-04	5.010506e+00
1.960753041181790e-04	5.010507e+00
1.961753041181818e-04	5.010509e+00
1.962753041181847e-04	5.010509e+00
1.963753041181876e-04	5.010510e+00
1.964753041181905e-04	5.010512e+00
1.965753041181934e-04	5.010513e+00
1.966753041181962e-04	5.010514e+00
1.967753041181991e-04	5.010516e+00
1.968753041182020e-04	5.010517e+00
1.969753041182049e-04	5.010518e+00
1.970753041182077e-04	5.010520e+00
1.971753041182106e-04	5.010521e+00
1.972753041182135e-04	5.010522e+00
1.973753041182164e-04	5.010524e+00
1.974753041182192e-04	5.010525e+00
1.975753041182221e-04	5.010527e+00
1.976753041182250e-04	5.010528e+00
1.977753041182279e-04	5.010530e+00
1.978753041182307e-04	5.010531e+00
1.979753041182336e-04	5.010533e+00
1.980753041182365e-04	5.010535e+00
1.981753041182394e-04	5.010536e+00
1.982753041182422e-04	5.010538e+00
1.983753041182451e-04	5.010540e+00
1.984753041182480e-04	5.010541e+00
1.985753041182509e-04	5.010543e+00
1.986753041182537e-04	5.010545e+00
1.987753041182566e-04	5.010547e+00
1.988753041182595e-04	5.010549e+00
1.989753041182624e-04	5.010550e+00
1.990753041182652e-04	5.010552e+00
1.991753041182681e-04	5.010554e+00
1.992753041182710e-04	5.010556e+00
1.993753041182739e-04	5.010558e+00
1.994753041182767e-04	5.010560e+00
1.995753041182796e-04	5.010562e+00
1.996753041182825e-04	5.010564e+00
1.997753041182854e-04	5.010566e+00
1.998753041182882e-04	5.010568e+00
1.999753041182911e-04	5.010571e+00
2.000753041182940e-04	5.010572e+00
2.001753041182969e-04	5.010575e+00
2.002753041182997e-04	5.010577e+00
2.003753041183026e-04	5.010579e+00
2.004753041183055e-04	5.010581e+00
2.005753041183084e-04	5.010583e+00
2.006753041183112e-04	5.010585e+00
2.007753041183141e-04	5.010588e+00
2.008753041183170e-04	5.010590e+00
2.009753041183199e-04	5.010592e+00
2.010753041183228e-04	5.010595e+00
2.011753041183256e-04	5.010597e+00
2.012753041183285e-04	5.010599e+00
2.013753041183314e-04	5.010602e+00
2.014753041183343e-04	5.010604e+00
2.015753041183371e-04	5.010606e+00
2.016753041183400e-04	5.010609e+00
2.017753041183429e-04	5.010611e+00
2.018753041183458e-04	5.010613e+00
2.019753041183486e-04	5.010616e+00
2.020753041183515e-04	5.010619e+00
2.021753041183544e-04	5.010621e+00
2.022753041183573e-04	5.010623e+00
2.023753041183601e-04	5.010626e+00
2.024753041183630e-04	5.010629e+00
2.025753041183659e-04	5.010631e+00
2.026753041183688e-04	5.010633e+00
2.027753041183716e-04	5.010636e+00
2.028753041183745e-04	5.010639e+00
2.029753041183774e-04	5.010642e+00
2.030753041183803e-04	5.010644e+00
2.031753041183831e-04	5.010647e+00
2.032753041183860e-04	5.010649e+00
2.033753041183889e-04	5.010652e+00
2.034753041183918e-04	5.010654e+00
2.035753041183946e-04	5.010657e+00
2.036753041183975e-04	5.010660e+00
2.037753041184004e-04	5.010663e+00
2.038753041184033e-04	5.010665e+00
2.039753041184061e-04	5.010668e+00
2.040753041184090e-04	5.010671e+00
2.041753041184119e-04	5.010674e+00
2.042753041184148e-04	5.010676e+00
2.043753041184176e-04	5.010679e+00
2.044753041184205e-04	5.010682e+00
2.045753041184234e-04	5.010684e+00
2.046753041184263e-04	5.010687e+00
2.047753041184291e-04	5.010690e+00
2.048753041184320e-04	5.010693e+00
2.049753041184349e-04	5.010695e+00
2.050753041184378e-04	5.010698e+00
2.051753041184406e-04	5.010701e+00
2.052753041184435e-04	5.010704e+00
2.053753041184464e-04	5.010707e+00
2.054753041184493e-04	5.010710e+00
2.055753041184522e-04	5.010713e+00
2.056753041184550e-04	5.010715e+00
2.057753041184579e-04	5.010718e+00
2.058753041184608e-04	5.010721e+00
2.059753041184637e-04	5.010724e+00
2.060753041184665e-04	5.010726e+00
2.061753041184694e-04	5.010729e+00
2.062753041184723e-04	5.010732e+00
2.063753041184752e-04	5.010735e+00
2.064753041184780e-04	5.010738e+00
2.065753041184809e-04	5.010741e+00
2.066753041184838e-04	5.010744e+00
2.067753041184867e-04	5.010747e+00
2.068753041184895e-04	5.010750e+00
2.069753041184924e-04	5.010753e+00
2.070753041184953e-04	5.010756e+00
2.071753041184982e-04	5.010758e+00
2.072753041185010e-04	5.010761e+00
2.073753041185039e-04	5.010764e+00
2.074753041185068e-04	5.010767e+00
2.075753041185097e-04	5.010770e+00
2.076753041185125e-04	5.010773e+00
2.077753041185154e-04	5.010776e+00
2.078753041185183e-04	5.010778e+00
2.079753041185212e-04	5.010781e+00
2.080753041185240e-04	5.010784e+00
2.081753041185269e-04	5.010787e+00
2.082753041185298e-04	5.010790e+00
2.083753041185327e-04	5.010793e+00
2.084753041185355e-04	5.010796e+00
2.085753041185384e-04	5.010799e+00
2.086753041185413e-04	5.010802e+00
2.087753041185442e-04	5.010805e+00
2.088753041185470e-04	5.010808e+00
2.089753041185499e-04	5.010810e+00
2.090753041185528e-04	5.010813e+00
2.091753041185557e-04	5.010816e+00
2.092753041185585e-04	5.010819e+00
2.093753041185614e-04	5.010822e+00
2.094753041185643e-04	5.010825e+00
2.095753041185672e-04	5.010828e+00
2.096753041185700e-04	5.010830e+00
2.097753041185729e-04	5.010833e+00
2.098753041185758e-04	5.010836e+00
2.099753041185787e-04	5.010839e+00
2.100753041185816e-04	5.010842e+00
2.101753041185844e-04	5.010845e+00
2.102753041185873e-04	5.010848e+00
2.103753041185902e-04	5.010850e+00
2.104753041185931e-04	5.010853e+00
2.105753041185959e-04	5.010856e+00
2.106753041185988e-04	5.010859e+00
2.107753041186017e-04	5.010861e+00
2.108753041186046e-04	5.010864e+00
2.109753041186074e-04	5.010867e+00
2.110753041186103e-04	5.010870e+00
2.111753041186132e-04	5.010872e+00
2.112753041186161e-04	5.010875e+00
2.113753041186189e-04	5.010878e+00
2.114753041186218e-04	5.010881e+00
2.115753041186247e-04	5.010883e+00
2.116753041186276e-04	5.010886e+00
2.117753041186304e-04	5.010889e+00
2.118753041186333e-04	5.010891e+00
2.119753041186362e-04	5.010894e+00
2.120753041186391e-04	5.010897e+00
2.121753041186419e-04	5.010900e+00
2.122753041186448e-04	5.010902e+00
2.123753041186477e-04	5.010905e+00
2.124753041186506e-04	5.010908e+00
2.125753041186534e-04	5.010911e+00
2.126753041186563e-04	5.010913e+00
2.127753041186592e-04	5.010916e+00
2.128753041186621e-04	5.010918e+00
2.129753041186649e-04	5.010921e+00
2.130753041186678e-04	5.010923e+00
2.131753041186707e-04	5.010926e+00
2.132753041186736e-04	5.010929e+00
2.133753041186764e-04	5.010931e+00
2.134753041186793e-04	5.010934e+00
2.135753041186822e-04	5.010936e+00
2.136753041186851e-04	5.010939e+00
2.137753041186879e-04	5.010941e+00
2.138753041186908e-04	5.010944e+00
2.139753041186937e-04	5.010946e+00
2.140753041186966e-04	5.010949e+00
2.141753041186994e-04	5.010951e+00
2.142753041187023e-04	5.010953e+00
2.143753041187052e-04	5.010956e+00
2.144753041187081e-04	5.010959e+00
2.145753041187110e-04	5.010961e+00
2.146753041187138e-04	5.010963e+00
2.147753041187167e-04	5.010966e+00
2.148753041187196e-04	5.010968e+00
2.149753041187225e-04	5.010971e+00
2.150753041187253e-04	5.010972e+00
2.151753041187282e-04	5.010975e+00
2.152753041187311e-04	5.010977e+00
2.153753041187340e-04	5.010980e+00
2.154753041187368e-04	5.010982e+00
2.155753041187397e-04	5.010984e+00
2.156753041187426e-04	5.010986e+00
2.157753041187455e-04	5.010989e+00
2.158753041187483e-04	5.010991e+00
2.159753041187512e-04	5.010993e+00
2.160753041187541e-04	5.010995e+00
2.161753041187570e-04	5.010997e+00
2.162753041187598e-04	5.011000e+00
2.163753041187627e-04	5.011002e+00
2.164753041187656e-04	5.011004e+00
2.165753041187685e-04	5.011006e+00
2.166753041187713e-04	5.011008e+00
2.167753041187742e-04	5.011010e+00
2.168753041187771e-04	5.011013e+00
2.169753041187800e-04	5.011014e+00
2.170753041187828e-04	5.011016e+00
2.171753041187857e-04	5.011018e+00
2.172753041187886e-04	5.011021e+00
2.173753041187915e-04	5.011023e+00
2.174753041187943e-04	5.011024e+00
2.175753041187972e-04	5.011026e+00
2.176753041188001e-04	5.011028e+00
2.177753041188030e-04	5.011030e+00
2.178753041188058e-04	5.011032e+00
2.179753041188087e-04	5.011034e+00
2.180753041188116e-04	5.011036e+00
2.181753041188145e-04	5.011038e+00
2.182753041188173e-04	5.011040e+00
2.183753041188202e-04	5.011042e+00
2.184753041188231e-04	5.011043e+00
2.185753041188260e-04	5.011045e+00
2.186753041188289e-04	5.011047e+00
2.187753041188317e-04	5.011048e+00
2.188753041188346e-04	5.011050e+00
2.189753041188375e-04	5.011052e+00
2.190753041188404e-04	5.011054e+00
2.191753041188432e-04	5.011055e+00
2.192753041188461e-04	5.011057e+00
2.193753041188490e-04	5.011059e+00
2.194753041188519e-04	5.011060e+00
2.195753041188547e-04	5.011062e+00
2.196753041188576e-04	5.011064e+00
2.197753041188605e-04	5.011065e+00
2.198753041188634e-04	5.011066e+00
2.199753041188662e-04	5.011068e+00
2.200753041188691e-04	5.011070e+00
2.201753041188720e-04	5.011071e+00
2.202753041188749e-04	5.011073e+00
2.203753041188777e-04	5.011074e+00
2.204753041188806e-04	5.011075e+00
2.205753041188835e-04	5.011077e+00
2.206753041188864e-04	5.011078e+00
2.207753041188892e-04	5.011080e+00
2.208753041188921e-04	5.011081e+00
2.209753041188950e-04	5.011083e+00
2.210753041188979e-04	5.011084e+00
2.211753041189007e-04	5.011085e+00
2.212753041189036e-04	5.011086e+00
2.213753041189065e-04	5.011088e+00
2.214753041189094e-04	5.011089e+00
2.215753041189122e-04	5.011090e+00
2.216753041189151e-04	5.011091e+00
2.217753041189180e-04	5.011093e+00
2.218753041189209e-04	5.011094e+00
2.219753041189237e-04	5.011095e+00
2.220753041189266e-04	5.011096e+00
2.221753041189295e-04	5.011097e+00
2.222753041189324e-04	5.011098e+00
2.223753041189352e-04	5.011099e+00
2.224753041189381e-04	5.011101e+00
2.225753041189410e-04	5.011102e+00
2.226753041189439e-04	5.011103e+00
2.227753041189467e-04	5.011104e+00
2.228753041189496e-04	5.011105e+00
2.229753041189525e-04	5.011106e+00
2.230753041189554e-04	5.011106e+00
2.231753041189583e-04	5.011107e+00
2.232753041189611e-04	5.011108e+00
2.233753041189640e-04	5.011109e+00
2.234753041189669e-04	5.011110e+00
2.235753041189698e-04	5.011111e+00
2.236753041189726e-04	5.011112e+00
2.237753041189755e-04	5.011113e+00
2.238753041189784e-04	5.011114e+00
2.239753041189813e-04	5.011115e+00
2.240753041189841e-04	5.011115e+00
2.241753041189870e-04	5.011116e+00
2.242753041189899e-04	5.011117e+00
2.243753041189928e-04	5.011117e+00
2.244753041189956e-04	5.011118e+00
2.245753041189985e-04	5.011119e+00
2.246753041190014e-04	5.011119e+00
2.247753041190043e-04	5.011120e+00
2.248753041190071e-04	5.011121e+00
2.249753041190100e-04	5.011121e+00
2.250753041190129e-04	5.011122e+00
2.251753041190158e-04	5.011122e+00
2.252753041190186e-04	5.011123e+00
2.253753041190215e-04	5.011124e+00
2.254753041190244e-04	5.011124e+00
2.255753041190273e-04	5.011125e+00
2.256753041190301e-04	5.011125e+00
2.257753041190330e-04	5.011126e+00
2.258753041190359e-04	5.011126e+00
2.259753041190388e-04	5.011127e+00
2.260753041190416e-04	5.011127e+00
2.261753041190445e-04	5.011127e+00
2.262753041190474e-04	5.011127e+00
2.263753041190503e-04	5.011128e+00
2.264753041190531e-04	5.011128e+00
2.265753041190560e-04	5.011128e+00
2.266753041190589e-04	5.011129e+00
2.267753041190618e-04	5.011129e+00
2.268753041190646e-04	5.011129e+00
2.269753041190675e-04	5.011129e+00
2.270753041190704e-04	5.011130e+00
2.271753041190733e-04	5.011130e+00
2.272753041190761e-04	5.011130e+00
2.273753041190790e-04	5.011130e+00
2.274753041190819e-04	5.011131e+00
2.275753041190848e-04	5.011131e+00
2.276753041190877e-04	5.011131e+00
2.277753041190905e-04	5.011131e+00
2.278753041190934e-04	5.011131e+00
2.279753041190963e-04	5.011131e+00
2.280753041190992e-04	5.011131e+00
2.281753041191020e-04	5.011131e+00
2.282753041191049e-04	5.011131e+00
2.283753041191078e-04	5.011131e+00
2.284753041191107e-04	5.011131e+00
2.285753041191135e-04	5.011131e+00
2.286753041191164e-04	5.011131e+00
2.287753041191193e-04	5.011131e+00
2.288753041191222e-04	5.011131e+00
2.289753041191250e-04	5.011131e+00
2.290753041191279e-04	5.011131e+00
2.291753041191308e-04	5.011131e+00
2.292753041191337e-04	5.011131e+00
2.293753041191365e-04	5.011130e+00
2.294753041191394e-04	5.011130e+00
2.295753041191423e-04	5.011130e+00
2.296753041191452e-04	5.011130e+00
2.297753041191480e-04	5.011130e+00
2.298753041191509e-04	5.011129e+00
2.299753041191538e-04	5.011129e+00
2.300753041191567e-04	5.011129e+00
2.301753041191595e-04	5.011129e+00
2.302753041191624e-04	5.011128e+00
2.303753041191653e-04	5.011128e+00
2.304753041191682e-04	5.011128e+00
2.305753041191710e-04	5.011127e+00
2.306753041191739e-04	5.011127e+00
2.307753041191768e-04	5.011127e+00
2.308753041191797e-04	5.011127e+00
2.309753041191825e-04	5.011126e+00
2.310753041191854e-04	5.011126e+00
2.311753041191883e-04	5.011125e+00
2.312753041191912e-04	5.011125e+00
2.313753041191940e-04	5.011124e+00
2.314753041191969e-04	5.011124e+00
2.315753041191998e-04	5.011123e+00
2.316753041192027e-04	5.011123e+00
2.317753041192055e-04	5.011122e+00
2.318753041192084e-04	5.011122e+00
2.319753041192113e-04	5.011121e+00
2.320753041192142e-04	5.011121e+00
2.321753041192171e-04	5.011120e+00
2.322753041192199e-04	5.011120e+00
2.323753041192228e-04	5.011119e+00
2.324753041192257e-04	5.011118e+00
2.325753041192286e-04	5.011118e+00
2.326753041192314e-04	5.011117e+00
2.327753041192343e-04	5.011117e+00
2.328753041192372e-04	5.011116e+00
2.329753041192401e-04	5.011116e+00
2.330753041192429e-04	5.011115e+00
2.331753041192458e-04	5.011114e+00
2.332753041192487e-04	5.011113e+00
2.333753041192516e-04	5.011113e+00
2.334753041192544e-04	5.011112e+00
2.335753041192573e-04	5.011111e+00
2.336753041192602e-04	5.011110e+00
2.337753041192631e-04	5.011110e+00
2.338753041192659e-04	5.011109e+00
2.339753041192688e-04	5.011108e+00
2.340753041192717e-04	5.011107e+00
2.341753041192746e-04	5.011106e+00
2.342753041192774e-04	5.011106e+00
2.343753041192803e-04	5.011105e+00
2.344753041192832e-04	5.011104e+00
2.345753041192861e-04	5.011103e+00
2.346753041192889e-04	5.011103e+00
2.347753041192918e-04	5.011102e+00
2.348753041192947e-04	5.011101e+00
2.349753041192976e-04	5.011100e+00
2.350753041193004e-04	5.011099e+00
2.351753041193033e-04	5.011098e+00
2.352753041193062e-04	5.011097e+00
2.353753041193091e-04	5.011096e+00
2.354753041193119e-04	5.011096e+00
2.355753041193148e-04	5.011095e+00
2.356753041193177e-04	5.011094e+00
2.357753041193206e-04	5.011093e+00
2.358753041193234e-04	5.011092e+00
2.359753041193263e-04	5.011091e+00
2.360753041193292e-04	5.011090e+00
2.361753041193321e-04	5.011089e+00
2.362753041193350e-04	5.011088e+00
2.363753041193378e-04	5.011087e+00
2.364753041193407e-04	5.011086e+00
2.365753041193436e-04	5.011085e+00
2.366753041193465e-04	5.011084e+00
2.367753041193493e-04	5.011083e+00
2.368753041193522e-04	5.011082e+00
2.369753041193551e-04	5.011081e+00
2.370753041193580e-04	5.011079e+00
2.371753041193608e-04	5.011078e+00
2.372753041193637e-04	5.011077e+00
2.373753041193666e-04	5.011076e+00
2.374753041193695e-04	5.011075e+00
2.375753041193723e-04	5.011074e+00
2.376753041193752e-04	5.011073e+00
2.377753041193781e-04	5.011072e+00
2.378753041193810e-04	5.011071e+00
2.379753041193838e-04	5.011070e+00
2.380753041193867e-04	5.011069e+00
2.381753041193896e-04	5.011067e+00
2.382753041193925e-04	5.011066e+00
2.383753041193953e-04	5.011065e+00
2.384753041193982e-04	5.011064e+00
2.385753041194011e-04	5.011063e+00
2.386753041194040e-04	5.011062e+00
2.387753041194068e-04	5.011061e+00
2.388753041194097e-04	5.011059e+00
2.389753041194126e-04	5.011058e+00
2.390753041194155e-04	5.011057e+00
2.391753041194183e-04	5.011056e+00
2.392753041194212e-04	5.011055e+00
2.393753041194241e-04	5.011054e+00
2.394753041194270e-04	5.011053e+00
2.395753041194298e-04	5.011051e+00
2.396753041194327e-04	5.011050e+00
2.397753041194356e-04	5.011049e+00
2.398753041194385e-04	5.011047e+00
2.399753041194413e-04	5.011046e+00
2.400753041194442e-04	5.011045e+00
2.401753041194471e-04	5.011044e+00
2.401999999999960e-04	5.011044e+00
