time	V(n023)
0.000000000000000e+00	5.010018e+00
9.999999994736442e-10	5.010018e+00
2.999999998420932e-09	5.010018e+00
1.000000000861423e-08	5.010018e+00
1.000010001195317e-08	5.010018e+00
1.000030001863106e-08	5.010018e+00
1.000049507093870e-08	5.010018e+00
1.000071112033929e-08	5.010018e+00
1.000100001424808e-08	5.010018e+00
1.000103463932867e-08	5.010018e+00
1.000110390336761e-08	5.010018e+00
1.000124241756772e-08	5.010018e+00
1.000151944596794e-08	5.010018e+00
1.000207350276838e-08	5.010018e+00
1.000278238016961e-08	5.010018e+00
1.000365887349197e-08	5.010018e+00
1.000473742740482e-08	5.010018e+00
1.000625754477014e-08	5.010018e+00
1.000819065122283e-08	5.010018e+00
1.001082031160117e-08	5.010018e+00
1.001433713732069e-08	5.010018e+00
1.001782722054312e-08	5.010018e+00
1.002189385646002e-08	5.010019e+00
1.002579669284742e-08	5.010019e+00
1.002929937710118e-08	5.010019e+00
1.003309837988020e-08	5.010019e+00
1.003675813293636e-08	5.010019e+00
1.004157303141628e-08	5.010019e+00
1.004680744154385e-08	5.010019e+00
1.005377225915538e-08	5.010019e+00
1.006194991215459e-08	5.010019e+00
1.007394558050212e-08	5.010019e+00
1.009134169283055e-08	5.010019e+00
1.012613390360961e-08	5.010020e+00
1.017585485318939e-08	5.010020e+00
1.023900331187377e-08	5.010021e+00
1.035759279732762e-08	5.010022e+00
1.053070305956361e-08	5.010022e+00
1.082939975194375e-08	5.010023e+00
1.115348396973914e-08	5.010024e+00
1.150688497264518e-08	5.010024e+00
1.195043979052013e-08	5.010025e+00
1.265770255276522e-08	5.010025e+00
1.376911211437015e-08	5.010026e+00
1.599193123758003e-08	5.010027e+00
1.950346585621876e-08	5.010028e+00
2.412507119076146e-08	5.010030e+00
3.020095334926864e-08	5.010032e+00
3.914595556042677e-08	5.010036e+00
5.563136967756677e-08	5.010041e+00
7.415604738603143e-08	5.010047e+00
1.112054028168385e-07	5.010058e+00
1.853041136784528e-07	5.010078e+00
2.853041136813284e-07	5.010103e+00
3.853041136842039e-07	5.010124e+00
4.853041136870795e-07	5.010143e+00
5.853041136899551e-07	5.010159e+00
6.853041136928306e-07	5.010172e+00
7.853041136957062e-07	5.010185e+00
8.853041136985818e-07	5.010196e+00
9.853041137014573e-07	5.010207e+00
1.085304113704333e-06	5.010216e+00
1.185304113707208e-06	5.010225e+00
1.285304113710084e-06	5.010233e+00
1.385304113712960e-06	5.010242e+00
1.485304113715835e-06	5.010250e+00
1.585304113718711e-06	5.010257e+00
1.685304113721586e-06	5.010265e+00
1.785304113724462e-06	5.010272e+00
1.885304113727337e-06	5.010280e+00
1.985304113730213e-06	5.010287e+00
2.085304113733089e-06	5.010294e+00
2.185304113735964e-06	5.010302e+00
2.285304113738840e-06	5.010309e+00
2.385304113741715e-06	5.010316e+00
2.485304113744591e-06	5.010324e+00
2.585304113747466e-06	5.010331e+00
2.685304113750342e-06	5.010338e+00
2.785304113753218e-06	5.010345e+00
2.885304113756093e-06	5.010353e+00
2.985304113758969e-06	5.010361e+00
3.085304113761844e-06	5.010368e+00
3.185304113764720e-06	5.010376e+00
3.285304113767595e-06	5.010384e+00
3.385304113770471e-06	5.010391e+00
3.485304113773346e-06	5.010399e+00
3.585304113776222e-06	5.010406e+00
3.685304113779098e-06	5.010415e+00
3.785304113781973e-06	5.010422e+00
3.885304113784849e-06	5.010430e+00
3.985304113787724e-06	5.010438e+00
4.085304113790600e-06	5.010446e+00
4.185304113793475e-06	5.010454e+00
4.285304113796351e-06	5.010462e+00
4.385304113799227e-06	5.010470e+00
4.485304113802102e-06	5.010479e+00
4.585304113804978e-06	5.010487e+00
4.685304113807853e-06	5.010495e+00
4.785304113810729e-06	5.010503e+00
4.885304113813604e-06	5.010512e+00
4.985304113816480e-06	5.010520e+00
5.085304113819356e-06	5.010529e+00
5.185304113822231e-06	5.010537e+00
5.285304113825107e-06	5.010546e+00
5.385304113827982e-06	5.010554e+00
5.485304113830858e-06	5.010562e+00
5.585304113833733e-06	5.010571e+00
5.685304113836609e-06	5.010580e+00
5.785304113839485e-06	5.010588e+00
5.885304113842360e-06	5.010597e+00
5.985304113845236e-06	5.010606e+00
6.085304113848111e-06	5.010614e+00
6.185304113850987e-06	5.010623e+00
6.285304113853862e-06	5.010632e+00
6.385304113856738e-06	5.010641e+00
6.485304113859613e-06	5.010649e+00
6.585304113862489e-06	5.010658e+00
6.685304113865365e-06	5.010667e+00
6.785304113868240e-06	5.010676e+00
6.885304113871116e-06	5.010684e+00
6.985304113873991e-06	5.010694e+00
7.085304113876867e-06	5.010703e+00
7.185304113879742e-06	5.010711e+00
7.285304113882618e-06	5.010720e+00
7.385304113885494e-06	5.010729e+00
7.485304113888369e-06	5.010738e+00
7.585304113891245e-06	5.010747e+00
7.685304113894120e-06	5.010756e+00
7.785304113896996e-06	5.010765e+00
7.885304113899871e-06	5.010774e+00
7.985304113902747e-06	5.010783e+00
8.085304113905623e-06	5.010792e+00
8.185304113908498e-06	5.010801e+00
8.285304113911374e-06	5.010810e+00
8.385304113914249e-06	5.010819e+00
8.485304113917125e-06	5.010828e+00
8.585304113920000e-06	5.010837e+00
8.685304113922876e-06	5.010846e+00
8.785304113925752e-06	5.010855e+00
8.885304113928627e-06	5.010864e+00
8.985304113931503e-06	5.010873e+00
9.085304113934378e-06	5.010882e+00
9.185304113937254e-06	5.010891e+00
9.285304113940129e-06	5.010900e+00
9.385304113943005e-06	5.010910e+00
9.485304113945880e-06	5.010919e+00
9.585304113948756e-06	5.010928e+00
9.685304113951632e-06	5.010937e+00
9.785304113954507e-06	5.010946e+00
9.885304113957383e-06	5.010955e+00
9.985304113960258e-06	5.010964e+00
1.008530411396313e-05	5.010973e+00
1.018530411396601e-05	5.010982e+00
1.028530411396888e-05	5.010991e+00
1.038530411397176e-05	5.011000e+00
1.048530411397464e-05	5.011009e+00
1.058530411397751e-05	5.011018e+00
1.068530411398039e-05	5.011027e+00
1.078530411398326e-05	5.011036e+00
1.088530411398614e-05	5.011045e+00
1.098530411398901e-05	5.011054e+00
1.108530411399189e-05	5.011063e+00
1.118530411399477e-05	5.011072e+00
1.128530411399764e-05	5.011081e+00
1.138530411400052e-05	5.011089e+00
1.148530411400339e-05	5.011098e+00
1.158530411400627e-05	5.011107e+00
1.168530411400914e-05	5.011116e+00
1.178530411401202e-05	5.011125e+00
1.188530411401489e-05	5.011134e+00
1.198530411401777e-05	5.011142e+00
1.208530411402065e-05	5.011151e+00
1.218530411402352e-05	5.011160e+00
1.228530411402640e-05	5.011168e+00
1.238530411402927e-05	5.011177e+00
1.248530411403215e-05	5.011186e+00
1.258530411403502e-05	5.011194e+00
1.268530411403790e-05	5.011203e+00
1.278530411404077e-05	5.011211e+00
1.288530411404365e-05	5.011220e+00
1.298530411404653e-05	5.011229e+00
1.308530411404940e-05	5.011237e+00
1.318530411405228e-05	5.011246e+00
1.328530411405515e-05	5.011254e+00
1.338530411405803e-05	5.011262e+00
1.348530411406090e-05	5.011271e+00
1.358530411406378e-05	5.011279e+00
1.368530411406665e-05	5.011287e+00
1.378530411406953e-05	5.011296e+00
1.388530411407241e-05	5.011304e+00
1.398530411407528e-05	5.011312e+00
1.408530411407816e-05	5.011321e+00
1.418530411408103e-05	5.011329e+00
1.428530411408391e-05	5.011337e+00
1.438530411408678e-05	5.011345e+00
1.448530411408966e-05	5.011353e+00
1.458530411409253e-05	5.011361e+00
1.468530411409541e-05	5.011369e+00
1.478530411409829e-05	5.011377e+00
1.488530411410116e-05	5.011385e+00
1.498530411410404e-05	5.011393e+00
1.508530411410691e-05	5.011401e+00
1.518530411410979e-05	5.011408e+00
1.528530411411266e-05	5.011416e+00
1.538530411411554e-05	5.011424e+00
1.548530411411841e-05	5.011432e+00
1.558530411412129e-05	5.011439e+00
1.568530411412417e-05	5.011447e+00
1.578530411412704e-05	5.011455e+00
1.588530411412992e-05	5.011462e+00
1.598530411413279e-05	5.011469e+00
1.608530411413567e-05	5.011477e+00
1.618530411413854e-05	5.011484e+00
1.628530411414142e-05	5.011492e+00
1.638530411414429e-05	5.011499e+00
1.648530411414717e-05	5.011506e+00
1.658530411415005e-05	5.011514e+00
1.668530411415292e-05	5.011521e+00
1.678530411415580e-05	5.011528e+00
1.688530411415867e-05	5.011535e+00
1.698530411416155e-05	5.011542e+00
1.708530411416442e-05	5.011549e+00
1.718530411416730e-05	5.011556e+00
1.728530411417017e-05	5.011563e+00
1.738530411417305e-05	5.011570e+00
1.748530411417593e-05	5.011577e+00
1.758530411417880e-05	5.011583e+00
1.768530411418168e-05	5.011590e+00
1.778530411418455e-05	5.011597e+00
1.788530411418743e-05	5.011604e+00
1.798530411419030e-05	5.011610e+00
1.808530411419318e-05	5.011617e+00
1.818530411419605e-05	5.011623e+00
1.828530411419893e-05	5.011630e+00
1.838530411420181e-05	5.011636e+00
1.848530411420468e-05	5.011642e+00
1.858530411420756e-05	5.011649e+00
1.868530411421043e-05	5.011655e+00
1.878530411421331e-05	5.011661e+00
1.888530411421618e-05	5.011667e+00
1.898530411421906e-05	5.011673e+00
1.908530411422193e-05	5.011680e+00
1.918530411422481e-05	5.011685e+00
1.928530411422769e-05	5.011692e+00
1.938530411423056e-05	5.011697e+00
1.948530411423344e-05	5.011703e+00
1.958530411423631e-05	5.011709e+00
1.968530411423919e-05	5.011715e+00
1.978530411424206e-05	5.011721e+00
1.988530411424494e-05	5.011726e+00
1.998530411424781e-05	5.011732e+00
2.008530411425069e-05	5.011737e+00
2.018530411425357e-05	5.011743e+00
2.028530411425644e-05	5.011748e+00
2.038530411425932e-05	5.011754e+00
2.048530411426219e-05	5.011759e+00
2.058530411426507e-05	5.011764e+00
2.068530411426794e-05	5.011769e+00
2.078530411427082e-05	5.011775e+00
2.088530411427370e-05	5.011779e+00
2.098530411427657e-05	5.011785e+00
2.108530411427945e-05	5.011789e+00
2.118530411428232e-05	5.011795e+00
2.128530411428520e-05	5.011799e+00
2.138530411428807e-05	5.011804e+00
2.148530411429095e-05	5.011809e+00
2.158530411429382e-05	5.011814e+00
2.168530411429670e-05	5.011818e+00
2.178530411429958e-05	5.011823e+00
2.188530411430245e-05	5.011827e+00
2.198530411430533e-05	5.011832e+00
2.208530411430820e-05	5.011837e+00
2.218530411431108e-05	5.011841e+00
2.228530411431395e-05	5.011845e+00
2.238530411431683e-05	5.011849e+00
2.248530411431970e-05	5.011854e+00
2.258530411432258e-05	5.011858e+00
2.268530411432546e-05	5.011862e+00
2.278530411432833e-05	5.011866e+00
2.288530411433121e-05	5.011870e+00
2.298530411433408e-05	5.011874e+00
2.308530411433696e-05	5.011878e+00
2.318530411433983e-05	5.011881e+00
2.328530411434271e-05	5.011885e+00
2.338530411434558e-05	5.011889e+00
2.348530411434846e-05	5.011893e+00
2.358530411435134e-05	5.011896e+00
2.368530411435421e-05	5.011900e+00
2.378530411435709e-05	5.011903e+00
2.388530411435996e-05	5.011907e+00
2.398530411436284e-05	5.011910e+00
2.408530411436571e-05	5.011913e+00
2.418530411436859e-05	5.011917e+00
2.428530411437146e-05	5.011920e+00
2.438530411437434e-05	5.011923e+00
2.448530411437722e-05	5.011926e+00
2.458530411438009e-05	5.011929e+00
2.468530411438297e-05	5.011932e+00
2.478530411438584e-05	5.011935e+00
2.488530411438872e-05	5.011938e+00
2.498530411439159e-05	5.011940e+00
2.508530411439447e-05	5.011943e+00
2.518530411439734e-05	5.011946e+00
2.528530411440022e-05	5.011949e+00
2.538530411440310e-05	5.011951e+00
2.548530411440597e-05	5.011954e+00
2.558530411440885e-05	5.011956e+00
2.568530411441172e-05	5.011959e+00
2.578530411441460e-05	5.011961e+00
2.588530411441747e-05	5.011963e+00
2.598530411442035e-05	5.011966e+00
2.608530411442322e-05	5.011968e+00
2.618530411442610e-05	5.011970e+00
2.628530411442898e-05	5.011972e+00
2.638530411443185e-05	5.011974e+00
2.648530411443473e-05	5.011976e+00
2.658530411443760e-05	5.011978e+00
2.668530411444048e-05	5.011980e+00
2.678530411444335e-05	5.011982e+00
2.688530411444623e-05	5.011984e+00
2.698530411444910e-05	5.011985e+00
2.708530411445198e-05	5.011987e+00
2.718530411445486e-05	5.011989e+00
2.728530411445773e-05	5.011990e+00
2.738530411446061e-05	5.011992e+00
2.748530411446348e-05	5.011993e+00
2.758530411446636e-05	5.011995e+00
2.768530411446923e-05	5.011996e+00
2.778530411447211e-05	5.011997e+00
2.788530411447498e-05	5.011999e+00
2.798530411447786e-05	5.012000e+00
2.808530411448074e-05	5.012001e+00
2.818530411448361e-05	5.012002e+00
2.828530411448649e-05	5.012003e+00
2.838530411448936e-05	5.012004e+00
2.848530411449224e-05	5.012005e+00
2.858530411449511e-05	5.012006e+00
2.868530411449799e-05	5.012007e+00
2.878530411450086e-05	5.012008e+00
2.888530411450374e-05	5.012008e+00
2.898530411450662e-05	5.012009e+00
2.908530411450949e-05	5.012010e+00
2.918530411451237e-05	5.012010e+00
2.928530411451524e-05	5.012011e+00
2.938530411451812e-05	5.012011e+00
2.948530411452099e-05	5.012012e+00
2.958530411452387e-05	5.012012e+00
2.968530411452674e-05	5.012012e+00
2.978530411452962e-05	5.012012e+00
2.988530411453250e-05	5.012013e+00
2.998530411453537e-05	5.012013e+00
3.008530411453825e-05	5.012013e+00
3.018530411454112e-05	5.012013e+00
3.028530411454400e-05	5.012013e+00
3.038530411454687e-05	5.012013e+00
3.048530411454975e-05	5.012013e+00
3.058530411455262e-05	5.012013e+00
3.068530411455550e-05	5.012013e+00
3.078530411455838e-05	5.012013e+00
3.088530411456125e-05	5.012013e+00
3.098530411456413e-05	5.012012e+00
3.108530411456700e-05	5.012012e+00
3.118530411456988e-05	5.012012e+00
3.128530411457275e-05	5.012012e+00
3.138530411457563e-05	5.012011e+00
3.148530411457851e-05	5.012011e+00
3.158530411458138e-05	5.012010e+00
3.168530411458426e-05	5.012010e+00
3.178530411458713e-05	5.012009e+00
3.188530411459001e-05	5.012008e+00
3.198530411459288e-05	5.012008e+00
3.208530411459576e-05	5.012007e+00
3.218530411459863e-05	5.012006e+00
3.228530411460151e-05	5.012005e+00
3.238530411460439e-05	5.012004e+00
3.248530411460726e-05	5.012003e+00
3.258530411461014e-05	5.012002e+00
3.268530411461301e-05	5.012002e+00
3.278530411461589e-05	5.012001e+00
3.288530411461876e-05	5.012000e+00
3.298530411462164e-05	5.011998e+00
3.308530411462451e-05	5.011997e+00
3.318530411462739e-05	5.011996e+00
3.328530411463027e-05	5.011995e+00
3.338530411463314e-05	5.011993e+00
3.348530411463602e-05	5.011992e+00
3.358530411463889e-05	5.011991e+00
3.368530411464177e-05	5.011990e+00
3.378530411464464e-05	5.011988e+00
3.388530411464752e-05	5.011987e+00
3.398530411465039e-05	5.011985e+00
3.408530411465327e-05	5.011984e+00
3.418530411465615e-05	5.011982e+00
3.428530411465902e-05	5.011981e+00
3.438530411466190e-05	5.011979e+00
3.448530411466477e-05	5.011977e+00
3.458530411466765e-05	5.011976e+00
3.468530411467052e-05	5.011974e+00
3.478530411467340e-05	5.011972e+00
3.488530411467627e-05	5.011971e+00
3.498530411467915e-05	5.011969e+00
3.508530411468203e-05	5.011967e+00
3.518530411468490e-05	5.011965e+00
3.528530411468778e-05	5.011963e+00
3.538530411469065e-05	5.011961e+00
3.548530411469353e-05	5.011959e+00
3.558530411469640e-05	5.011957e+00
3.568530411469928e-05	5.011955e+00
3.578530411470215e-05	5.011953e+00
3.588530411470503e-05	5.011951e+00
3.598530411470791e-05	5.011949e+00
3.608530411471078e-05	5.011947e+00
3.618530411471366e-05	5.011944e+00
3.628530411471653e-05	5.011942e+00
3.638530411471941e-05	5.011940e+00
3.648530411472228e-05	5.011938e+00
3.658530411472516e-05	5.011935e+00
3.668530411472803e-05	5.011933e+00
3.678530411473091e-05	5.011930e+00
3.688530411473379e-05	5.011928e+00
3.698530411473666e-05	5.011926e+00
3.708530411473954e-05	5.011923e+00
3.718530411474241e-05	5.011921e+00
3.728530411474529e-05	5.011919e+00
3.738530411474816e-05	5.011916e+00
3.748530411475104e-05	5.011913e+00
3.758530411475391e-05	5.011911e+00
3.768530411475679e-05	5.011909e+00
3.778530411475967e-05	5.011906e+00
3.788530411476254e-05	5.011903e+00
3.798530411476542e-05	5.011900e+00
3.808530411476829e-05	5.011898e+00
3.818530411477117e-05	5.011895e+00
3.828530411477404e-05	5.011892e+00
3.838530411477692e-05	5.011890e+00
3.848530411477979e-05	5.011887e+00
3.858530411478267e-05	5.011884e+00
3.868530411478555e-05	5.011881e+00
3.878530411478842e-05	5.011878e+00
3.888530411479130e-05	5.011876e+00
3.898530411479417e-05	5.011873e+00
3.908530411479705e-05	5.011870e+00
3.918530411479992e-05	5.011867e+00
3.928530411480280e-05	5.011864e+00
3.938530411480567e-05	5.011861e+00
3.948530411480855e-05	5.011858e+00
3.958530411481143e-05	5.011856e+00
3.968530411481430e-05	5.011853e+00
3.978530411481718e-05	5.011849e+00
3.988530411482005e-05	5.011847e+00
3.998530411482293e-05	5.011844e+00
4.008530411482580e-05	5.011840e+00
4.018530411482868e-05	5.011837e+00
4.028530411483155e-05	5.011835e+00
4.038530411483443e-05	5.011831e+00
4.048530411483731e-05	5.011828e+00
4.058530411484018e-05	5.011825e+00
4.068530411484306e-05	5.011822e+00
4.078530411484593e-05	5.011819e+00
4.088530411484881e-05	5.011816e+00
4.098530411485168e-05	5.011813e+00
4.108530411485456e-05	5.011809e+00
4.118530411485744e-05	5.011806e+00
4.128530411486031e-05	5.011803e+00
4.138530411486319e-05	5.011800e+00
4.148530411486606e-05	5.011796e+00
4.158530411486894e-05	5.011794e+00
4.168530411487181e-05	5.011790e+00
4.178530411487469e-05	5.011787e+00
4.188530411487756e-05	5.011784e+00
4.198530411488044e-05	5.011780e+00
4.208530411488332e-05	5.011777e+00
4.218530411488619e-05	5.011774e+00
4.228530411488907e-05	5.011771e+00
4.238530411489194e-05	5.011767e+00
4.248530411489482e-05	5.011764e+00
4.258530411489769e-05	5.011761e+00
4.268530411490057e-05	5.011757e+00
4.278530411490344e-05	5.011754e+00
4.288530411490632e-05	5.011751e+00
4.298530411490920e-05	5.011747e+00
4.308530411491207e-05	5.011744e+00
4.318530411491495e-05	5.011741e+00
4.328530411491782e-05	5.011737e+00
4.338530411492070e-05	5.011734e+00
4.348530411492357e-05	5.011731e+00
4.358530411492645e-05	5.011727e+00
4.368530411492932e-05	5.011724e+00
4.378530411493220e-05	5.011721e+00
4.388530411493508e-05	5.011717e+00
4.398530411493795e-05	5.011714e+00
4.408530411494083e-05	5.011711e+00
4.418530411494370e-05	5.011707e+00
4.428530411494658e-05	5.011704e+00
4.438530411494945e-05	5.011701e+00
4.448530411495233e-05	5.011697e+00
4.458530411495520e-05	5.011693e+00
4.468530411495808e-05	5.011690e+00
4.478530411496096e-05	5.011687e+00
4.488530411496383e-05	5.011683e+00
4.498530411496671e-05	5.011680e+00
4.508530411496958e-05	5.011677e+00
4.518530411497246e-05	5.011673e+00
4.528530411497533e-05	5.011670e+00
4.538530411497821e-05	5.011667e+00
4.548530411498108e-05	5.011663e+00
4.558530411498396e-05	5.011660e+00
4.568530411498684e-05	5.011657e+00
4.578530411498971e-05	5.011653e+00
4.588530411499259e-05	5.011650e+00
4.598530411499546e-05	5.011646e+00
4.608530411499834e-05	5.011643e+00
4.618530411500121e-05	5.011640e+00
4.628530411500409e-05	5.011636e+00
4.638530411500696e-05	5.011633e+00
4.648530411500984e-05	5.011630e+00
4.658530411501272e-05	5.011626e+00
4.668530411501559e-05	5.011623e+00
4.678530411501847e-05	5.011620e+00
4.688530411502134e-05	5.011616e+00
4.698530411502422e-05	5.011613e+00
4.708530411502709e-05	5.011610e+00
4.718530411502997e-05	5.011607e+00
4.728530411503284e-05	5.011603e+00
4.738530411503572e-05	5.011600e+00
4.748530411503860e-05	5.011597e+00
4.758530411504147e-05	5.011593e+00
4.768530411504435e-05	5.011590e+00
4.778530411504722e-05	5.011587e+00
4.788530411505010e-05	5.011583e+00
4.798530411505297e-05	5.011580e+00
4.808530411505585e-05	5.011577e+00
4.818530411505872e-05	5.011574e+00
4.828530411506160e-05	5.011570e+00
4.838530411506448e-05	5.011568e+00
4.848530411506735e-05	5.011564e+00
4.858530411507023e-05	5.011561e+00
4.868530411507310e-05	5.011558e+00
4.878530411507598e-05	5.011555e+00
4.888530411507885e-05	5.011551e+00
4.898530411508173e-05	5.011549e+00
4.908530411508460e-05	5.011545e+00
4.918530411508748e-05	5.011542e+00
4.928530411509036e-05	5.011539e+00
4.938530411509323e-05	5.011536e+00
4.948530411509611e-05	5.011533e+00
4.958530411509898e-05	5.011530e+00
4.968530411510186e-05	5.011527e+00
4.978530411510473e-05	5.011524e+00
4.988530411510761e-05	5.011520e+00
4.998530411511048e-05	5.011518e+00
5.008530411511336e-05	5.011515e+00
5.018530411511624e-05	5.011511e+00
5.028530411511911e-05	5.011508e+00
5.038530411512199e-05	5.011506e+00
5.048530411512486e-05	5.011503e+00
5.058530411512774e-05	5.011499e+00
5.068530411513061e-05	5.011497e+00
5.078530411513349e-05	5.011494e+00
5.088530411513636e-05	5.011491e+00
5.098530411513924e-05	5.011488e+00
5.108530411514212e-05	5.011485e+00
5.118530411514499e-05	5.011482e+00
5.128530411514787e-05	5.011479e+00
5.138530411515074e-05	5.011477e+00
5.148530411515362e-05	5.011474e+00
5.158530411515649e-05	5.011471e+00
5.168530411515937e-05	5.011468e+00
5.178530411516225e-05	5.011465e+00
5.188530411516512e-05	5.011462e+00
5.198530411516800e-05	5.011460e+00
5.208530411517087e-05	5.011457e+00
5.218530411517375e-05	5.011454e+00
5.228530411517662e-05	5.011452e+00
5.238530411517950e-05	5.011449e+00
5.248530411518237e-05	5.011446e+00
5.258530411518525e-05	5.011444e+00
5.268530411518813e-05	5.011441e+00
5.278530411519100e-05	5.011438e+00
5.288530411519388e-05	5.011436e+00
5.298530411519675e-05	5.011433e+00
5.308530411519963e-05	5.011430e+00
5.318530411520250e-05	5.011428e+00
5.328530411520538e-05	5.011425e+00
5.338530411520825e-05	5.011423e+00
5.348530411521113e-05	5.011420e+00
5.358530411521401e-05	5.011418e+00
5.368530411521688e-05	5.011415e+00
5.378530411521976e-05	5.011413e+00
5.388530411522263e-05	5.011411e+00
5.398530411522551e-05	5.011408e+00
5.408530411522838e-05	5.011406e+00
5.418530411523126e-05	5.011404e+00
5.428530411523413e-05	5.011401e+00
5.438530411523701e-05	5.011399e+00
5.448530411523989e-05	5.011396e+00
5.458530411524276e-05	5.011394e+00
5.468530411524564e-05	5.011392e+00
5.478530411524851e-05	5.011390e+00
5.488530411525139e-05	5.011387e+00
5.498530411525426e-05	5.011385e+00
5.508530411525714e-05	5.011383e+00
5.518530411526001e-05	5.011381e+00
5.528530411526289e-05	5.011379e+00
5.538530411526577e-05	5.011376e+00
5.548530411526864e-05	5.011374e+00
5.558530411527152e-05	5.011372e+00
5.568530411527439e-05	5.011370e+00
5.578530411527727e-05	5.011368e+00
5.588530411528014e-05	5.011366e+00
5.598530411528302e-05	5.011364e+00
5.608530411528589e-05	5.011362e+00
5.618530411528877e-05	5.011360e+00
5.628530411529165e-05	5.011358e+00
5.638530411529452e-05	5.011356e+00
5.648530411529740e-05	5.011354e+00
5.658530411530027e-05	5.011352e+00
5.668530411530315e-05	5.011350e+00
5.678530411530602e-05	5.011349e+00
5.688530411530890e-05	5.011347e+00
5.698530411531177e-05	5.011345e+00
5.708530411531465e-05	5.011343e+00
5.718530411531753e-05	5.011341e+00
5.728530411532040e-05	5.011340e+00
5.738530411532328e-05	5.011338e+00
5.748530411532615e-05	5.011336e+00
5.758530411532903e-05	5.011334e+00
5.768530411533190e-05	5.011333e+00
5.778530411533478e-05	5.011331e+00
5.788530411533765e-05	5.011329e+00
5.798530411534053e-05	5.011328e+00
5.808530411534341e-05	5.011326e+00
5.818530411534628e-05	5.011324e+00
5.828530411534916e-05	5.011323e+00
5.838530411535203e-05	5.011322e+00
5.848530411535491e-05	5.011320e+00
5.858530411535778e-05	5.011319e+00
5.868530411536066e-05	5.011317e+00
5.878530411536353e-05	5.011315e+00
5.888530411536641e-05	5.011314e+00
5.898530411536929e-05	5.011313e+00
5.908530411537216e-05	5.011312e+00
5.918530411537504e-05	5.011310e+00
5.928530411537791e-05	5.011309e+00
5.938530411538079e-05	5.011307e+00
5.948530411538366e-05	5.011306e+00
5.958530411538654e-05	5.011305e+00
5.968530411538941e-05	5.011303e+00
5.978530411539229e-05	5.011302e+00
5.988530411539517e-05	5.011301e+00
5.998530411539804e-05	5.011300e+00
6.008530411540092e-05	5.011299e+00
6.018530411540379e-05	5.011298e+00
6.028530411540667e-05	5.011296e+00
6.038530411540954e-05	5.011295e+00
6.048530411541242e-05	5.011294e+00
6.058530411541529e-05	5.011293e+00
6.068530411541817e-05	5.011292e+00
6.078530411542105e-05	5.011291e+00
6.088530411542392e-05	5.011290e+00
6.098530411542680e-05	5.011289e+00
6.108530411542967e-05	5.011288e+00
6.118530411543255e-05	5.011287e+00
6.128530411543542e-05	5.011286e+00
6.138530411543830e-05	5.011285e+00
6.148530411544118e-05	5.011284e+00
6.158530411544405e-05	5.011283e+00
6.168530411544693e-05	5.011282e+00
6.178530411544980e-05	5.011282e+00
6.188530411545268e-05	5.011281e+00
6.198530411545555e-05	5.011280e+00
6.208530411545843e-05	5.011280e+00
6.218530411546130e-05	5.011279e+00
6.228530411546418e-05	5.011278e+00
6.238530411546706e-05	5.011277e+00
6.248530411546993e-05	5.011277e+00
6.258530411547281e-05	5.011276e+00
6.268530411547568e-05	5.011275e+00
6.278530411547856e-05	5.011275e+00
6.288530411548143e-05	5.011274e+00
6.298530411548431e-05	5.011273e+00
6.308530411548718e-05	5.011273e+00
6.318530411549006e-05	5.011272e+00
6.328530411549294e-05	5.011272e+00
6.338530411549581e-05	5.011271e+00
6.348530411549869e-05	5.011271e+00
6.358530411550156e-05	5.011271e+00
6.368530411550444e-05	5.011270e+00
6.378530411550731e-05	5.011270e+00
6.388530411551019e-05	5.011269e+00
6.398530411551306e-05	5.011269e+00
6.408530411551594e-05	5.011269e+00
6.418530411551882e-05	5.011268e+00
6.428530411552169e-05	5.011268e+00
6.438530411552457e-05	5.011267e+00
6.448530411552744e-05	5.011267e+00
6.458530411553032e-05	5.011267e+00
6.468530411553319e-05	5.011267e+00
6.478530411553607e-05	5.011266e+00
6.488530411553894e-05	5.011266e+00
6.498530411554182e-05	5.011266e+00
6.508530411554470e-05	5.011266e+00
6.518530411554757e-05	5.011266e+00
6.528530411555045e-05	5.011265e+00
6.538530411555332e-05	5.011265e+00
6.548530411555620e-05	5.011265e+00
6.558530411555907e-05	5.011265e+00
6.568530411556195e-05	5.011265e+00
6.578530411556482e-05	5.011265e+00
6.588530411556770e-05	5.011265e+00
6.598530411557058e-05	5.011265e+00
6.608530411557345e-05	5.011265e+00
6.618530411557633e-05	5.011265e+00
6.628530411557920e-05	5.011265e+00
6.638530411558208e-05	5.011265e+00
6.648530411558495e-05	5.011265e+00
6.658530411558783e-05	5.011265e+00
6.668530411559070e-05	5.011265e+00
6.678530411559358e-05	5.011265e+00
6.688530411559646e-05	5.011265e+00
6.698530411559933e-05	5.011266e+00
6.708530411560221e-05	5.011266e+00
6.718530411560508e-05	5.011266e+00
6.728530411560796e-05	5.011266e+00
6.738530411561083e-05	5.011266e+00
6.748530411561371e-05	5.011267e+00
6.758530411561658e-05	5.011267e+00
6.768530411561946e-05	5.011267e+00
6.778530411562234e-05	5.011267e+00
6.788530411562521e-05	5.011268e+00
6.798530411562809e-05	5.011268e+00
6.808530411563096e-05	5.011268e+00
6.818530411563384e-05	5.011269e+00
6.828530411563671e-05	5.011269e+00
6.838530411563959e-05	5.011269e+00
6.848530411564246e-05	5.011270e+00
6.858530411564534e-05	5.011270e+00
6.868530411564822e-05	5.011271e+00
6.878530411565109e-05	5.011271e+00
6.888530411565397e-05	5.011271e+00
6.898530411565684e-05	5.011272e+00
6.908530411565972e-05	5.011272e+00
6.918530411566259e-05	5.011273e+00
6.928530411566547e-05	5.011273e+00
6.938530411566834e-05	5.011274e+00
6.948530411567122e-05	5.011274e+00
6.958530411567410e-05	5.011275e+00
6.968530411567697e-05	5.011275e+00
6.978530411567985e-05	5.011276e+00
6.988530411568272e-05	5.011277e+00
6.998530411568560e-05	5.011277e+00
7.008530411568847e-05	5.011278e+00
7.018530411569135e-05	5.011278e+00
7.028530411569422e-05	5.011279e+00
7.038530411569710e-05	5.011280e+00
7.048530411569998e-05	5.011280e+00
7.058530411570285e-05	5.011281e+00
7.068530411570573e-05	5.011281e+00
7.078530411570860e-05	5.011282e+00
7.088530411571148e-05	5.011283e+00
7.098530411571435e-05	5.011284e+00
7.108530411571723e-05	5.011284e+00
7.118530411572010e-05	5.011285e+00
7.128530411572298e-05	5.011286e+00
7.138530411572586e-05	5.011287e+00
7.148530411572873e-05	5.011287e+00
7.158530411573161e-05	5.011288e+00
7.168530411573448e-05	5.011289e+00
7.178530411573736e-05	5.011290e+00
7.188530411574023e-05	5.011291e+00
7.198530411574311e-05	5.011292e+00
7.208530411574599e-05	5.011292e+00
7.218530411574886e-05	5.011293e+00
7.228530411575174e-05	5.011294e+00
7.238530411575461e-05	5.011295e+00
7.248530411575749e-05	5.011296e+00
7.258530411576036e-05	5.011297e+00
7.268530411576324e-05	5.011298e+00
7.278530411576611e-05	5.011298e+00
7.288530411576899e-05	5.011299e+00
7.298530411577187e-05	5.011300e+00
7.308530411577474e-05	5.011301e+00
7.318530411577762e-05	5.011302e+00
7.328530411578049e-05	5.011303e+00
7.338530411578337e-05	5.011304e+00
7.348530411578624e-05	5.011305e+00
7.358530411578912e-05	5.011306e+00
7.368530411579199e-05	5.011307e+00
7.378530411579487e-05	5.011308e+00
7.388530411579775e-05	5.011309e+00
7.398530411580062e-05	5.011310e+00
7.408530411580350e-05	5.011311e+00
7.418530411580637e-05	5.011312e+00
7.428530411580925e-05	5.011313e+00
7.438530411581212e-05	5.011314e+00
7.448530411581500e-05	5.011315e+00
7.458530411581787e-05	5.011316e+00
7.468530411582075e-05	5.011317e+00
7.478530411582363e-05	5.011318e+00
7.488530411582650e-05	5.011319e+00
7.498530411582938e-05	5.011321e+00
7.508530411583225e-05	5.011322e+00
7.518530411583513e-05	5.011322e+00
7.528530411583800e-05	5.011324e+00
7.538530411584088e-05	5.011325e+00
7.548530411584375e-05	5.011326e+00
7.558530411584663e-05	5.011327e+00
7.568530411584951e-05	5.011328e+00
7.578530411585238e-05	5.011329e+00
7.588530411585526e-05	5.011331e+00
7.598530411585813e-05	5.011332e+00
7.608530411586101e-05	5.011333e+00
7.618530411586388e-05	5.011334e+00
7.628530411586676e-05	5.011335e+00
7.638530411586963e-05	5.011336e+00
7.648530411587251e-05	5.011337e+00
7.658530411587539e-05	5.011339e+00
7.668530411587826e-05	5.011340e+00
7.678530411588114e-05	5.011341e+00
7.688530411588401e-05	5.011342e+00
7.698530411588689e-05	5.011343e+00
7.708530411588976e-05	5.011344e+00
7.718530411589264e-05	5.011346e+00
7.728530411589551e-05	5.011347e+00
7.738530411589839e-05	5.011348e+00
7.748530411590127e-05	5.011349e+00
7.758530411590414e-05	5.011351e+00
7.768530411590702e-05	5.011352e+00
7.778530411590989e-05	5.011353e+00
7.788530411591277e-05	5.011354e+00
7.798530411591564e-05	5.011355e+00
7.808530411591852e-05	5.011357e+00
7.818530411592139e-05	5.011358e+00
7.828530411592427e-05	5.011359e+00
7.838530411592715e-05	5.011360e+00
7.848530411593002e-05	5.011362e+00
7.858530411593290e-05	5.011363e+00
7.868530411593577e-05	5.011364e+00
7.878530411593865e-05	5.011365e+00
7.888530411594152e-05	5.011366e+00
7.898530411594440e-05	5.011368e+00
7.908530411594727e-05	5.011369e+00
7.918530411595015e-05	5.011370e+00
7.928530411595303e-05	5.011372e+00
7.938530411595590e-05	5.011373e+00
7.948530411595878e-05	5.011374e+00
7.958530411596165e-05	5.011375e+00
7.968530411596453e-05	5.011376e+00
7.978530411596740e-05	5.011378e+00
7.988530411597028e-05	5.011379e+00
7.998530411597315e-05	5.011380e+00
8.008530411597603e-05	5.011382e+00
8.018530411597891e-05	5.011383e+00
8.028530411598178e-05	5.011384e+00
8.038530411598466e-05	5.011385e+00
8.048530411598753e-05	5.011387e+00
8.058530411599041e-05	5.011388e+00
8.068530411599328e-05	5.011389e+00
8.078530411599616e-05	5.011390e+00
8.088530411599903e-05	5.011392e+00
8.098530411600191e-05	5.011393e+00
8.108530411600479e-05	5.011394e+00
8.118530411600766e-05	5.011395e+00
8.128530411601054e-05	5.011397e+00
8.138530411601341e-05	5.011398e+00
8.148530411601629e-05	5.011399e+00
8.158530411601916e-05	5.011401e+00
8.168530411602204e-05	5.011402e+00
8.178530411602492e-05	5.011403e+00
8.188530411602779e-05	5.011404e+00
8.198530411603067e-05	5.011405e+00
8.208530411603354e-05	5.011407e+00
8.218530411603642e-05	5.011408e+00
8.228530411603929e-05	5.011409e+00
8.238530411604217e-05	5.011410e+00
8.248530411604504e-05	5.011412e+00
8.258530411604792e-05	5.011413e+00
8.268530411605080e-05	5.011414e+00
8.278530411605367e-05	5.011415e+00
8.288530411605655e-05	5.011416e+00
8.298530411605942e-05	5.011418e+00
8.308530411606230e-05	5.011419e+00
8.318530411606517e-05	5.011420e+00
8.328530411606805e-05	5.011422e+00
8.338530411607092e-05	5.011423e+00
8.348530411607380e-05	5.011424e+00
8.358530411607668e-05	5.011425e+00
8.368530411607955e-05	5.011426e+00
8.378530411608243e-05	5.011427e+00
8.388530411608530e-05	5.011429e+00
8.398530411608818e-05	5.011430e+00
8.408530411609105e-05	5.011431e+00
8.418530411609393e-05	5.011432e+00
8.428530411609680e-05	5.011434e+00
8.438530411609968e-05	5.011435e+00
8.448530411610256e-05	5.011436e+00
8.458530411610543e-05	5.011437e+00
8.468530411610831e-05	5.011438e+00
8.478530411611118e-05	5.011439e+00
8.488530411611406e-05	5.011441e+00
8.498530411611693e-05	5.011442e+00
8.508530411611981e-05	5.011443e+00
8.518530411612268e-05	5.011444e+00
8.528530411612556e-05	5.011445e+00
8.538530411612844e-05	5.011446e+00
8.548530411613131e-05	5.011447e+00
8.558530411613419e-05	5.011449e+00
8.568530411613706e-05	5.011450e+00
8.578530411613994e-05	5.011451e+00
8.588530411614281e-05	5.011452e+00
8.598530411614569e-05	5.011453e+00
8.608530411614856e-05	5.011454e+00
8.618530411615144e-05	5.011456e+00
8.628530411615432e-05	5.011456e+00
8.638530411615719e-05	5.011457e+00
8.648530411616007e-05	5.011459e+00
8.658530411616294e-05	5.011460e+00
8.668530411616582e-05	5.011461e+00
8.678530411616869e-05	5.011462e+00
8.688530411617157e-05	5.011463e+00
8.698530411617444e-05	5.011464e+00
8.708530411617732e-05	5.011465e+00
8.718530411618020e-05	5.011466e+00
8.728530411618307e-05	5.011467e+00
8.738530411618595e-05	5.011468e+00
8.748530411618882e-05	5.011469e+00
8.758530411619170e-05	5.011470e+00
8.768530411619457e-05	5.011471e+00
8.778530411619745e-05	5.011472e+00
8.788530411620032e-05	5.011474e+00
8.798530411620320e-05	5.011475e+00
8.808530411620608e-05	5.011476e+00
8.818530411620895e-05	5.011477e+00
8.828530411621183e-05	5.011477e+00
8.838530411621470e-05	5.011478e+00
8.848530411621758e-05	5.011479e+00
8.858530411622045e-05	5.011480e+00
8.868530411622333e-05	5.011481e+00
8.878530411622620e-05	5.011482e+00
8.888530411622908e-05	5.011483e+00
8.898530411623196e-05	5.011484e+00
8.908530411623483e-05	5.011485e+00
8.918530411623771e-05	5.011486e+00
8.928530411624058e-05	5.011487e+00
8.938530411624346e-05	5.011488e+00
8.948530411624633e-05	5.011489e+00
8.958530411624921e-05	5.011490e+00
8.968530411625208e-05	5.011491e+00
8.978530411625496e-05	5.011491e+00
8.988530411625784e-05	5.011492e+00
8.998530411626071e-05	5.011493e+00
9.008530411626359e-05	5.011494e+00
9.018530411626646e-05	5.011495e+00
9.028530411626934e-05	5.011496e+00
9.038530411627221e-05	5.011497e+00
9.048530411627509e-05	5.011497e+00
9.058530411627796e-05	5.011498e+00
9.068530411628084e-05	5.011499e+00
9.078530411628372e-05	5.011500e+00
9.088530411628659e-05	5.011501e+00
9.098530411628947e-05	5.011502e+00
9.108530411629234e-05	5.011502e+00
9.118530411629522e-05	5.011503e+00
9.128530411629809e-05	5.011504e+00
9.138530411630097e-05	5.011505e+00
9.148530411630384e-05	5.011506e+00
9.158530411630672e-05	5.011507e+00
9.168530411630960e-05	5.011507e+00
9.178530411631247e-05	5.011508e+00
9.188530411631535e-05	5.011508e+00
9.198530411631822e-05	5.011509e+00
9.208530411632110e-05	5.011510e+00
9.218530411632397e-05	5.011511e+00
9.228530411632685e-05	5.011511e+00
9.238530411632973e-05	5.011512e+00
9.248530411633260e-05	5.011513e+00
9.258530411633548e-05	5.011514e+00
9.268530411633835e-05	5.011514e+00
9.278530411634123e-05	5.011515e+00
9.288530411634410e-05	5.011516e+00
9.298530411634698e-05	5.011516e+00
9.308530411634985e-05	5.011517e+00
9.318530411635273e-05	5.011518e+00
9.328530411635561e-05	5.011518e+00
9.338530411635848e-05	5.011519e+00
9.348530411636136e-05	5.011519e+00
9.358530411636423e-05	5.011520e+00
9.368530411636711e-05	5.011520e+00
9.378530411636998e-05	5.011521e+00
9.388530411637286e-05	5.011522e+00
9.398530411637573e-05	5.011522e+00
9.408530411637861e-05	5.011523e+00
9.418530411638149e-05	5.011524e+00
9.428530411638436e-05	5.011524e+00
9.438530411638724e-05	5.011525e+00
9.448530411639011e-05	5.011525e+00
9.458530411639299e-05	5.011526e+00
9.468530411639586e-05	5.011526e+00
9.478530411639874e-05	5.011527e+00
9.488530411640161e-05	5.011527e+00
9.498530411640449e-05	5.011528e+00
9.508530411640737e-05	5.011528e+00
9.518530411641024e-05	5.011528e+00
9.528530411641312e-05	5.011529e+00
9.538530411641599e-05	5.011529e+00
9.548530411641887e-05	5.011530e+00
9.558530411642174e-05	5.011530e+00
9.568530411642462e-05	5.011531e+00
9.578530411642749e-05	5.011531e+00
9.588530411643037e-05	5.011532e+00
9.598530411643325e-05	5.011532e+00
9.608530411643612e-05	5.011533e+00
9.618530411643900e-05	5.011533e+00
9.628530411644187e-05	5.011534e+00
9.638530411644475e-05	5.011534e+00
9.648530411644762e-05	5.011534e+00
9.658530411645050e-05	5.011535e+00
9.668530411645337e-05	5.011535e+00
9.678530411645625e-05	5.011535e+00
9.688530411645913e-05	5.011536e+00
9.698530411646200e-05	5.011536e+00
9.708530411646488e-05	5.011537e+00
9.718530411646775e-05	5.011537e+00
9.728530411647063e-05	5.011537e+00
9.738530411647350e-05	5.011538e+00
9.748530411647638e-05	5.011538e+00
9.758530411647925e-05	5.011538e+00
9.768530411648213e-05	5.011539e+00
9.778530411648501e-05	5.011539e+00
9.788530411648788e-05	5.011539e+00
9.798530411649076e-05	5.011539e+00
9.808530411649363e-05	5.011539e+00
9.818530411649651e-05	5.011539e+00
9.828530411649938e-05	5.011540e+00
9.838530411650226e-05	5.011540e+00
9.848530411650513e-05	5.011540e+00
9.858530411650801e-05	5.011540e+00
9.868530411651089e-05	5.011541e+00
9.878530411651376e-05	5.011541e+00
9.888530411651664e-05	5.011541e+00
9.898530411651951e-05	5.011541e+00
9.908530411652239e-05	5.011542e+00
9.918530411652526e-05	5.011542e+00
9.928530411652814e-05	5.011542e+00
9.938530411653101e-05	5.011542e+00
9.948530411653389e-05	5.011542e+00
9.958530411653677e-05	5.011542e+00
9.968530411653964e-05	5.011543e+00
9.978530411654252e-05	5.011543e+00
9.988530411654539e-05	5.011543e+00
9.998530411654827e-05	5.011543e+00
1.000853041165511e-04	5.011543e+00
1.001853041165540e-04	5.011543e+00
1.002853041165569e-04	5.011543e+00
1.003853041165598e-04	5.011543e+00
1.004853041165626e-04	5.011543e+00
1.005853041165655e-04	5.011544e+00
1.006853041165684e-04	5.011544e+00
1.007853041165713e-04	5.011544e+00
1.008853041165741e-04	5.011544e+00
1.009853041165770e-04	5.011544e+00
1.010853041165799e-04	5.011544e+00
1.011853041165828e-04	5.011544e+00
1.012853041165857e-04	5.011544e+00
1.013853041165885e-04	5.011544e+00
1.014853041165914e-04	5.011544e+00
1.015853041165943e-04	5.011544e+00
1.016853041165972e-04	5.011544e+00
1.017853041166000e-04	5.011544e+00
1.018853041166029e-04	5.011544e+00
1.019853041166058e-04	5.011544e+00
1.020853041166087e-04	5.011544e+00
1.021853041166115e-04	5.011544e+00
1.022853041166144e-04	5.011544e+00
1.023853041166173e-04	5.011544e+00
1.024853041166202e-04	5.011544e+00
1.025853041166230e-04	5.011544e+00
1.026853041166259e-04	5.011544e+00
1.027853041166288e-04	5.011544e+00
1.028853041166317e-04	5.011544e+00
1.029853041166345e-04	5.011544e+00
1.030853041166374e-04	5.011544e+00
1.031853041166403e-04	5.011543e+00
1.032853041166432e-04	5.011543e+00
1.033853041166460e-04	5.011543e+00
1.034853041166489e-04	5.011543e+00
1.035853041166518e-04	5.011543e+00
1.036853041166547e-04	5.011543e+00
1.037853041166575e-04	5.011543e+00
1.038853041166604e-04	5.011543e+00
1.039853041166633e-04	5.011542e+00
1.040853041166662e-04	5.011542e+00
1.041853041166690e-04	5.011542e+00
1.042853041166719e-04	5.011542e+00
1.043853041166748e-04	5.011542e+00
1.044853041166777e-04	5.011542e+00
1.045853041166805e-04	5.011542e+00
1.046853041166834e-04	5.011541e+00
1.047853041166863e-04	5.011541e+00
1.048853041166892e-04	5.011541e+00
1.049853041166920e-04	5.011541e+00
1.050853041166949e-04	5.011541e+00
1.051853041166978e-04	5.011540e+00
1.052853041167007e-04	5.011540e+00
1.053853041167035e-04	5.011540e+00
1.054853041167064e-04	5.011540e+00
1.055853041167093e-04	5.011540e+00
1.056853041167122e-04	5.011539e+00
1.057853041167151e-04	5.011539e+00
1.058853041167179e-04	5.011539e+00
1.059853041167208e-04	5.011539e+00
1.060853041167237e-04	5.011539e+00
1.061853041167266e-04	5.011539e+00
1.062853041167294e-04	5.011538e+00
1.063853041167323e-04	5.011538e+00
1.064853041167352e-04	5.011538e+00
1.065853041167381e-04	5.011538e+00
1.066853041167409e-04	5.011537e+00
1.067853041167438e-04	5.011537e+00
1.068853041167467e-04	5.011537e+00
1.069853041167496e-04	5.011536e+00
1.070853041167524e-04	5.011536e+00
1.071853041167553e-04	5.011536e+00
1.072853041167582e-04	5.011535e+00
1.073853041167611e-04	5.011535e+00
1.074853041167639e-04	5.011535e+00
1.075853041167668e-04	5.011535e+00
1.076853041167697e-04	5.011534e+00
1.077853041167726e-04	5.011534e+00
1.078853041167754e-04	5.011534e+00
1.079853041167783e-04	5.011533e+00
1.080853041167812e-04	5.011533e+00
1.081853041167841e-04	5.011533e+00
1.082853041167869e-04	5.011532e+00
1.083853041167898e-04	5.011532e+00
1.084853041167927e-04	5.011531e+00
1.085853041167956e-04	5.011531e+00
1.086853041167984e-04	5.011531e+00
1.087853041168013e-04	5.011530e+00
1.088853041168042e-04	5.011530e+00
1.089853041168071e-04	5.011530e+00
1.090853041168099e-04	5.011529e+00
1.091853041168128e-04	5.011529e+00
1.092853041168157e-04	5.011529e+00
1.093853041168186e-04	5.011528e+00
1.094853041168214e-04	5.011528e+00
1.095853041168243e-04	5.011528e+00
1.096853041168272e-04	5.011527e+00
1.097853041168301e-04	5.011527e+00
1.098853041168329e-04	5.011527e+00
1.099853041168358e-04	5.011526e+00
1.100853041168387e-04	5.011526e+00
1.101853041168416e-04	5.011525e+00
1.102853041168445e-04	5.011525e+00
1.103853041168473e-04	5.011525e+00
1.104853041168502e-04	5.011524e+00
1.105853041168531e-04	5.011524e+00
1.106853041168560e-04	5.011523e+00
1.107853041168588e-04	5.011523e+00
1.108853041168617e-04	5.011522e+00
1.109853041168646e-04	5.011522e+00
1.110853041168675e-04	5.011522e+00
1.111853041168703e-04	5.011521e+00
1.112853041168732e-04	5.011521e+00
1.113853041168761e-04	5.011520e+00
1.114853041168790e-04	5.011520e+00
1.115853041168818e-04	5.011519e+00
1.116853041168847e-04	5.011519e+00
1.117853041168876e-04	5.011519e+00
1.118853041168905e-04	5.011518e+00
1.119853041168933e-04	5.011518e+00
1.120853041168962e-04	5.011518e+00
1.121853041168991e-04	5.011517e+00
1.122853041169020e-04	5.011517e+00
1.123853041169048e-04	5.011516e+00
1.124853041169077e-04	5.011516e+00
1.125853041169106e-04	5.011515e+00
1.126853041169135e-04	5.011515e+00
1.127853041169163e-04	5.011514e+00
1.128853041169192e-04	5.011514e+00
1.129853041169221e-04	5.011513e+00
1.130853041169250e-04	5.011513e+00
1.131853041169278e-04	5.011513e+00
1.132853041169307e-04	5.011512e+00
1.133853041169336e-04	5.011512e+00
1.134853041169365e-04	5.011511e+00
1.135853041169393e-04	5.011511e+00
1.136853041169422e-04	5.011510e+00
1.137853041169451e-04	5.011510e+00
1.138853041169480e-04	5.011509e+00
1.139853041169508e-04	5.011509e+00
1.140853041169537e-04	5.011508e+00
1.141853041169566e-04	5.011508e+00
1.142853041169595e-04	5.011508e+00
1.143853041169623e-04	5.011507e+00
1.144853041169652e-04	5.011507e+00
1.145853041169681e-04	5.011506e+00
1.146853041169710e-04	5.011506e+00
1.147853041169739e-04	5.011505e+00
1.148853041169767e-04	5.011505e+00
1.149853041169796e-04	5.011504e+00
1.150853041169825e-04	5.011504e+00
1.151853041169854e-04	5.011503e+00
1.152853041169882e-04	5.011503e+00
1.153853041169911e-04	5.011502e+00
1.154853041169940e-04	5.011502e+00
1.155853041169969e-04	5.011501e+00
1.156853041169997e-04	5.011501e+00
1.157853041170026e-04	5.011500e+00
1.158853041170055e-04	5.011500e+00
1.159853041170084e-04	5.011499e+00
1.160853041170112e-04	5.011499e+00
1.161853041170141e-04	5.011498e+00
1.162853041170170e-04	5.011498e+00
1.163853041170199e-04	5.011497e+00
1.164853041170227e-04	5.011497e+00
1.165853041170256e-04	5.011497e+00
1.166853041170285e-04	5.011496e+00
1.167853041170314e-04	5.011496e+00
1.168853041170342e-04	5.011496e+00
1.169853041170371e-04	5.011495e+00
1.170853041170400e-04	5.011495e+00
1.171853041170429e-04	5.011494e+00
1.172853041170457e-04	5.011494e+00
1.173853041170486e-04	5.011493e+00
1.174853041170515e-04	5.011493e+00
1.175853041170544e-04	5.011492e+00
1.176853041170572e-04	5.011492e+00
1.177853041170601e-04	5.011491e+00
1.178853041170630e-04	5.011491e+00
1.179853041170659e-04	5.011490e+00
1.180853041170687e-04	5.011490e+00
1.181853041170716e-04	5.011489e+00
1.182853041170745e-04	5.011489e+00
1.183853041170774e-04	5.011488e+00
1.184853041170802e-04	5.011488e+00
1.185853041170831e-04	5.011487e+00
1.186853041170860e-04	5.011487e+00
1.187853041170889e-04	5.011487e+00
1.188853041170918e-04	5.011486e+00
1.189853041170946e-04	5.011486e+00
1.190853041170975e-04	5.011485e+00
1.191853041171004e-04	5.011485e+00
1.192853041171033e-04	5.011484e+00
1.193853041171061e-04	5.011484e+00
1.194853041171090e-04	5.011483e+00
1.195853041171119e-04	5.011483e+00
1.196853041171148e-04	5.011483e+00
1.197853041171176e-04	5.011482e+00
1.198853041171205e-04	5.011482e+00
1.199853041171234e-04	5.011481e+00
1.200853041171263e-04	5.011481e+00
1.201853041171291e-04	5.011480e+00
1.202853041171320e-04	5.011480e+00
1.203853041171349e-04	5.011479e+00
1.204853041171378e-04	5.011479e+00
1.205853041171406e-04	5.011478e+00
1.206853041171435e-04	5.011478e+00
1.207853041171464e-04	5.011477e+00
1.208853041171493e-04	5.011477e+00
1.209853041171521e-04	5.011477e+00
1.210853041171550e-04	5.011477e+00
1.211853041171579e-04	5.011476e+00
1.212853041171608e-04	5.011476e+00
1.213853041171636e-04	5.011475e+00
1.214853041171665e-04	5.011475e+00
1.215853041171694e-04	5.011474e+00
1.216853041171723e-04	5.011474e+00
1.217853041171751e-04	5.011473e+00
1.218853041171780e-04	5.011473e+00
1.219853041171809e-04	5.011473e+00
1.220853041171838e-04	5.011472e+00
1.221853041171866e-04	5.011472e+00
1.222853041171895e-04	5.011471e+00
1.223853041171924e-04	5.011471e+00
1.224853041171953e-04	5.011471e+00
1.225853041171981e-04	5.011470e+00
1.226853041172010e-04	5.011470e+00
1.227853041172039e-04	5.011469e+00
1.228853041172068e-04	5.011469e+00
1.229853041172096e-04	5.011468e+00
1.230853041172125e-04	5.011468e+00
1.231853041172154e-04	5.011468e+00
1.232853041172183e-04	5.011467e+00
1.233853041172212e-04	5.011467e+00
1.234853041172240e-04	5.011467e+00
1.235853041172269e-04	5.011467e+00
1.236853041172298e-04	5.011466e+00
1.237853041172327e-04	5.011466e+00
1.238853041172355e-04	5.011465e+00
1.239853041172384e-04	5.011465e+00
1.240853041172413e-04	5.011465e+00
1.241853041172442e-04	5.011464e+00
1.242853041172470e-04	5.011464e+00
1.243853041172499e-04	5.011463e+00
1.244853041172528e-04	5.011463e+00
1.245853041172557e-04	5.011463e+00
1.246853041172585e-04	5.011462e+00
1.247853041172614e-04	5.011462e+00
1.248853041172643e-04	5.011462e+00
1.249853041172672e-04	5.011461e+00
1.250853041172700e-04	5.011461e+00
1.251853041172729e-04	5.011461e+00
1.252853041172758e-04	5.011460e+00
1.253853041172787e-04	5.011460e+00
1.254853041172815e-04	5.011459e+00
1.255853041172844e-04	5.011459e+00
1.256853041172873e-04	5.011459e+00
1.257853041172902e-04	5.011458e+00
1.258853041172930e-04	5.011458e+00
1.259853041172959e-04	5.011458e+00
1.260853041172988e-04	5.011457e+00
1.261853041173017e-04	5.011457e+00
1.262853041173045e-04	5.011457e+00
1.263853041173074e-04	5.011456e+00
1.264853041173103e-04	5.011456e+00
1.265853041173132e-04	5.011456e+00
1.266853041173160e-04	5.011456e+00
1.267853041173189e-04	5.011456e+00
1.268853041173218e-04	5.011455e+00
1.269853041173247e-04	5.011455e+00
1.270853041173275e-04	5.011455e+00
1.271853041173304e-04	5.011454e+00
1.272853041173333e-04	5.011454e+00
1.273853041173362e-04	5.011454e+00
1.274853041173390e-04	5.011454e+00
1.275853041173419e-04	5.011453e+00
1.276853041173448e-04	5.011453e+00
1.277853041173477e-04	5.011453e+00
1.278853041173506e-04	5.011452e+00
1.279853041173534e-04	5.011452e+00
1.280853041173563e-04	5.011452e+00
1.281853041173592e-04	5.011452e+00
1.282853041173621e-04	5.011451e+00
1.283853041173649e-04	5.011451e+00
1.284853041173678e-04	5.011451e+00
1.285853041173707e-04	5.011451e+00
1.286853041173736e-04	5.011450e+00
1.287853041173764e-04	5.011450e+00
1.288853041173793e-04	5.011450e+00
1.289853041173822e-04	5.011450e+00
1.290853041173851e-04	5.011449e+00
1.291853041173879e-04	5.011449e+00
1.292853041173908e-04	5.011449e+00
1.293853041173937e-04	5.011449e+00
1.294853041173966e-04	5.011448e+00
1.295853041173994e-04	5.011448e+00
1.296853041174023e-04	5.011448e+00
1.297853041174052e-04	5.011448e+00
1.298853041174081e-04	5.011447e+00
1.299853041174109e-04	5.011447e+00
1.300853041174138e-04	5.011447e+00
1.301853041174167e-04	5.011447e+00
1.302853041174196e-04	5.011447e+00
1.303853041174224e-04	5.011446e+00
1.304853041174253e-04	5.011446e+00
1.305853041174282e-04	5.011446e+00
1.306853041174311e-04	5.011446e+00
1.307853041174339e-04	5.011446e+00
1.308853041174368e-04	5.011446e+00
1.309853041174397e-04	5.011446e+00
1.310853041174426e-04	5.011446e+00
1.311853041174454e-04	5.011445e+00
1.312853041174483e-04	5.011445e+00
1.313853041174512e-04	5.011445e+00
1.314853041174541e-04	5.011445e+00
1.315853041174569e-04	5.011445e+00
1.316853041174598e-04	5.011444e+00
1.317853041174627e-04	5.011444e+00
1.318853041174656e-04	5.011444e+00
1.319853041174684e-04	5.011444e+00
1.320853041174713e-04	5.011444e+00
1.321853041174742e-04	5.011444e+00
1.322853041174771e-04	5.011444e+00
1.323853041174800e-04	5.011443e+00
1.324853041174828e-04	5.011443e+00
1.325853041174857e-04	5.011443e+00
1.326853041174886e-04	5.011443e+00
1.327853041174915e-04	5.011443e+00
1.328853041174943e-04	5.011443e+00
1.329853041174972e-04	5.011443e+00
1.330853041175001e-04	5.011442e+00
1.331853041175030e-04	5.011442e+00
1.332853041175058e-04	5.011442e+00
1.333853041175087e-04	5.011442e+00
1.334853041175116e-04	5.011442e+00
1.335853041175145e-04	5.011442e+00
1.336853041175173e-04	5.011442e+00
1.337853041175202e-04	5.011442e+00
1.338853041175231e-04	5.011442e+00
1.339853041175260e-04	5.011442e+00
1.340853041175288e-04	5.011441e+00
1.341853041175317e-04	5.011441e+00
1.342853041175346e-04	5.011441e+00
1.343853041175375e-04	5.011441e+00
1.344853041175403e-04	5.011441e+00
1.345853041175432e-04	5.011441e+00
1.346853041175461e-04	5.011441e+00
1.347853041175490e-04	5.011441e+00
1.348853041175518e-04	5.011441e+00
1.349853041175547e-04	5.011441e+00
1.350853041175576e-04	5.011441e+00
1.351853041175605e-04	5.011441e+00
1.352853041175633e-04	5.011441e+00
1.353853041175662e-04	5.011440e+00
1.354853041175691e-04	5.011440e+00
1.355853041175720e-04	5.011440e+00
1.356853041175748e-04	5.011440e+00
1.357853041175777e-04	5.011440e+00
1.358853041175806e-04	5.011440e+00
1.359853041175835e-04	5.011440e+00
1.360853041175863e-04	5.011440e+00
1.361853041175892e-04	5.011440e+00
1.362853041175921e-04	5.011440e+00
1.363853041175950e-04	5.011440e+00
1.364853041175978e-04	5.011440e+00
1.365853041176007e-04	5.011440e+00
1.366853041176036e-04	5.011440e+00
1.367853041176065e-04	5.011440e+00
1.368853041176094e-04	5.011440e+00
1.369853041176122e-04	5.011440e+00
1.370853041176151e-04	5.011440e+00
1.371853041176180e-04	5.011440e+00
1.372853041176209e-04	5.011440e+00
1.373853041176237e-04	5.011440e+00
1.374853041176266e-04	5.011440e+00
1.375853041176295e-04	5.011440e+00
1.376853041176324e-04	5.011440e+00
1.377853041176352e-04	5.011440e+00
1.378853041176381e-04	5.011440e+00
1.379853041176410e-04	5.011440e+00
1.380853041176439e-04	5.011440e+00
1.381853041176467e-04	5.011440e+00
1.382853041176496e-04	5.011440e+00
1.383853041176525e-04	5.011440e+00
1.384853041176554e-04	5.011440e+00
1.385853041176582e-04	5.011440e+00
1.386853041176611e-04	5.011440e+00
1.387853041176640e-04	5.011440e+00
1.388853041176669e-04	5.011440e+00
1.389853041176697e-04	5.011440e+00
1.390853041176726e-04	5.011440e+00
1.391853041176755e-04	5.011440e+00
1.392853041176784e-04	5.011440e+00
1.393853041176812e-04	5.011440e+00
1.394853041176841e-04	5.011440e+00
1.395853041176870e-04	5.011440e+00
1.396853041176899e-04	5.011440e+00
1.397853041176927e-04	5.011441e+00
1.398853041176956e-04	5.011441e+00
1.399853041176985e-04	5.011441e+00
1.400853041177014e-04	5.011441e+00
1.401853041177042e-04	5.011441e+00
1.402853041177071e-04	5.011441e+00
1.403853041177100e-04	5.011441e+00
1.404853041177129e-04	5.011441e+00
1.405853041177157e-04	5.011441e+00
1.406853041177186e-04	5.011441e+00
1.407853041177215e-04	5.011441e+00
1.408853041177244e-04	5.011441e+00
1.409853041177273e-04	5.011441e+00
1.410853041177301e-04	5.011441e+00
1.411853041177330e-04	5.011441e+00
1.412853041177359e-04	5.011442e+00
1.413853041177388e-04	5.011442e+00
1.414853041177416e-04	5.011442e+00
1.415853041177445e-04	5.011442e+00
1.416853041177474e-04	5.011442e+00
1.417853041177503e-04	5.011442e+00
1.418853041177531e-04	5.011442e+00
1.419853041177560e-04	5.011442e+00
1.420853041177589e-04	5.011442e+00
1.421853041177618e-04	5.011442e+00
1.422853041177646e-04	5.011443e+00
1.423853041177675e-04	5.011443e+00
1.424853041177704e-04	5.011443e+00
1.425853041177733e-04	5.011443e+00
1.426853041177761e-04	5.011443e+00
1.427853041177790e-04	5.011443e+00
1.428853041177819e-04	5.011443e+00
1.429853041177848e-04	5.011443e+00
1.430853041177876e-04	5.011443e+00
1.431853041177905e-04	5.011444e+00
1.432853041177934e-04	5.011444e+00
1.433853041177963e-04	5.011444e+00
1.434853041177991e-04	5.011444e+00
1.435853041178020e-04	5.011444e+00
1.436853041178049e-04	5.011444e+00
1.437853041178078e-04	5.011444e+00
1.438853041178106e-04	5.011444e+00
1.439853041178135e-04	5.011445e+00
1.440853041178164e-04	5.011445e+00
1.441853041178193e-04	5.011445e+00
1.442853041178221e-04	5.011445e+00
1.443853041178250e-04	5.011445e+00
1.444853041178279e-04	5.011445e+00
1.445853041178308e-04	5.011445e+00
1.446853041178336e-04	5.011445e+00
1.447853041178365e-04	5.011446e+00
1.448853041178394e-04	5.011446e+00
1.449853041178423e-04	5.011446e+00
1.450853041178451e-04	5.011446e+00
1.451853041178480e-04	5.011446e+00
1.452853041178509e-04	5.011446e+00
1.453853041178538e-04	5.011446e+00
1.454853041178567e-04	5.011446e+00
1.455853041178595e-04	5.011446e+00
1.456853041178624e-04	5.011446e+00
1.457853041178653e-04	5.011447e+00
1.458853041178682e-04	5.011447e+00
1.459853041178710e-04	5.011447e+00
1.460853041178739e-04	5.011447e+00
1.461853041178768e-04	5.011447e+00
1.462853041178797e-04	5.011447e+00
1.463853041178825e-04	5.011447e+00
1.464853041178854e-04	5.011448e+00
1.465853041178883e-04	5.011448e+00
1.466853041178912e-04	5.011448e+00
1.467853041178940e-04	5.011448e+00
1.468853041178969e-04	5.011448e+00
1.469853041178998e-04	5.011448e+00
1.470853041179027e-04	5.011449e+00
1.471853041179055e-04	5.011449e+00
1.472853041179084e-04	5.011449e+00
1.473853041179113e-04	5.011449e+00
1.474853041179142e-04	5.011449e+00
1.475853041179170e-04	5.011449e+00
1.476853041179199e-04	5.011450e+00
1.477853041179228e-04	5.011450e+00
1.478853041179257e-04	5.011450e+00
1.479853041179285e-04	5.011450e+00
1.480853041179314e-04	5.011450e+00
1.481853041179343e-04	5.011450e+00
1.482853041179372e-04	5.011451e+00
1.483853041179400e-04	5.011451e+00
1.484853041179429e-04	5.011451e+00
1.485853041179458e-04	5.011451e+00
1.486853041179487e-04	5.011451e+00
1.487853041179515e-04	5.011452e+00
1.488853041179544e-04	5.011452e+00
1.489853041179573e-04	5.011452e+00
1.490853041179602e-04	5.011452e+00
1.491853041179630e-04	5.011452e+00
1.492853041179659e-04	5.011452e+00
1.493853041179688e-04	5.011453e+00
1.494853041179717e-04	5.011453e+00
1.495853041179745e-04	5.011453e+00
1.496853041179774e-04	5.011453e+00
1.497853041179803e-04	5.011453e+00
1.498853041179832e-04	5.011453e+00
1.499853041179861e-04	5.011454e+00
1.500853041179889e-04	5.011454e+00
1.501853041179918e-04	5.011454e+00
1.502853041179947e-04	5.011454e+00
1.503853041179976e-04	5.011454e+00
1.504853041180004e-04	5.011455e+00
1.505853041180033e-04	5.011455e+00
1.506853041180062e-04	5.011455e+00
1.507853041180091e-04	5.011455e+00
1.508853041180119e-04	5.011455e+00
1.509853041180148e-04	5.011455e+00
1.510853041180177e-04	5.011456e+00
1.511853041180206e-04	5.011456e+00
1.512853041180234e-04	5.011456e+00
1.513853041180263e-04	5.011456e+00
1.514853041180292e-04	5.011456e+00
1.515853041180321e-04	5.011456e+00
1.516853041180349e-04	5.011456e+00
1.517853041180378e-04	5.011456e+00
1.518853041180407e-04	5.011457e+00
1.519853041180436e-04	5.011457e+00
1.520853041180464e-04	5.011457e+00
1.521853041180493e-04	5.011457e+00
1.522853041180522e-04	5.011457e+00
1.523853041180551e-04	5.011458e+00
1.524853041180579e-04	5.011458e+00
1.525853041180608e-04	5.011458e+00
1.526853041180637e-04	5.011458e+00
1.527853041180666e-04	5.011458e+00
1.528853041180694e-04	5.011458e+00
1.529853041180723e-04	5.011459e+00
1.530853041180752e-04	5.011459e+00
1.531853041180781e-04	5.011459e+00
1.532853041180809e-04	5.011459e+00
1.533853041180838e-04	5.011459e+00
1.534853041180867e-04	5.011460e+00
1.535853041180896e-04	5.011460e+00
1.536853041180924e-04	5.011460e+00
1.537853041180953e-04	5.011460e+00
1.538853041180982e-04	5.011460e+00
1.539853041181011e-04	5.011460e+00
1.540853041181039e-04	5.011461e+00
1.541853041181068e-04	5.011461e+00
1.542853041181097e-04	5.011461e+00
1.543853041181126e-04	5.011461e+00
1.544853041181155e-04	5.011461e+00
1.545853041181183e-04	5.011462e+00
1.546853041181212e-04	5.011462e+00
1.547853041181241e-04	5.011462e+00
1.548853041181270e-04	5.011462e+00
1.549853041181298e-04	5.011462e+00
1.550853041181327e-04	5.011462e+00
1.551853041181356e-04	5.011463e+00
1.552853041181385e-04	5.011463e+00
1.553853041181413e-04	5.011463e+00
1.554853041181442e-04	5.011463e+00
1.555853041181471e-04	5.011463e+00
1.556853041181500e-04	5.011463e+00
1.557853041181528e-04	5.011464e+00
1.558853041181557e-04	5.011464e+00
1.559853041181586e-04	5.011464e+00
1.560853041181615e-04	5.011464e+00
1.561853041181643e-04	5.011464e+00
1.562853041181672e-04	5.011465e+00
1.563853041181701e-04	5.011465e+00
1.564853041181730e-04	5.011465e+00
1.565853041181758e-04	5.011465e+00
1.566853041181787e-04	5.011465e+00
1.567853041181816e-04	5.011465e+00
1.568853041181845e-04	5.011466e+00
1.569853041181873e-04	5.011466e+00
1.570853041181902e-04	5.011466e+00
1.571853041181931e-04	5.011466e+00
1.572853041181960e-04	5.011466e+00
1.573853041181988e-04	5.011466e+00
1.574853041182017e-04	5.011467e+00
1.575853041182046e-04	5.011467e+00
1.576853041182075e-04	5.011467e+00
1.577853041182103e-04	5.011467e+00
1.578853041182132e-04	5.011467e+00
1.579853041182161e-04	5.011467e+00
1.580853041182190e-04	5.011467e+00
1.581853041182218e-04	5.011467e+00
1.582853041182247e-04	5.011467e+00
1.583853041182276e-04	5.011467e+00
1.584853041182305e-04	5.011468e+00
1.585853041182334e-04	5.011468e+00
1.586853041182362e-04	5.011468e+00
1.587853041182391e-04	5.011468e+00
1.588853041182420e-04	5.011468e+00
1.589853041182449e-04	5.011468e+00
1.590853041182477e-04	5.011468e+00
1.591853041182506e-04	5.011469e+00
1.592853041182535e-04	5.011469e+00
1.593853041182564e-04	5.011469e+00
1.594853041182592e-04	5.011469e+00
1.595853041182621e-04	5.011469e+00
1.596853041182650e-04	5.011469e+00
1.597853041182679e-04	5.011470e+00
1.598853041182707e-04	5.011470e+00
1.599853041182736e-04	5.011470e+00
1.600853041182765e-04	5.011470e+00
1.601853041182794e-04	5.011470e+00
1.602853041182822e-04	5.011470e+00
1.603853041182851e-04	5.011470e+00
1.604853041182880e-04	5.011471e+00
1.605853041182909e-04	5.011471e+00
1.606853041182937e-04	5.011471e+00
1.607853041182966e-04	5.011471e+00
1.608853041182995e-04	5.011471e+00
1.609853041183024e-04	5.011471e+00
1.610853041183052e-04	5.011471e+00
1.611853041183081e-04	5.011471e+00
1.612853041183110e-04	5.011472e+00
1.613853041183139e-04	5.011472e+00
1.614853041183167e-04	5.011472e+00
1.615853041183196e-04	5.011472e+00
1.616853041183225e-04	5.011472e+00
1.617853041183254e-04	5.011472e+00
1.618853041183282e-04	5.011472e+00
1.619853041183311e-04	5.011472e+00
1.620853041183340e-04	5.011473e+00
1.621853041183369e-04	5.011473e+00
1.622853041183397e-04	5.011473e+00
1.623853041183426e-04	5.011473e+00
1.624853041183455e-04	5.011473e+00
1.625853041183484e-04	5.011473e+00
1.626853041183512e-04	5.011473e+00
1.627853041183541e-04	5.011473e+00
1.628853041183570e-04	5.011473e+00
1.629853041183599e-04	5.011474e+00
1.630853041183628e-04	5.011474e+00
1.631853041183656e-04	5.011474e+00
1.632853041183685e-04	5.011474e+00
1.633853041183714e-04	5.011474e+00
1.634853041183743e-04	5.011474e+00
1.635853041183771e-04	5.011474e+00
1.636853041183800e-04	5.011474e+00
1.637853041183829e-04	5.011474e+00
1.638853041183858e-04	5.011475e+00
1.639853041183886e-04	5.011475e+00
1.640853041183915e-04	5.011475e+00
1.641853041183944e-04	5.011475e+00
1.642853041183973e-04	5.011475e+00
1.643853041184001e-04	5.011475e+00
1.644853041184030e-04	5.011475e+00
1.645853041184059e-04	5.011475e+00
1.646853041184088e-04	5.011475e+00
1.647853041184116e-04	5.011475e+00
1.648853041184145e-04	5.011476e+00
1.649853041184174e-04	5.011476e+00
1.650853041184203e-04	5.011476e+00
1.651853041184231e-04	5.011476e+00
1.652853041184260e-04	5.011476e+00
1.653853041184289e-04	5.011476e+00
1.654853041184318e-04	5.011476e+00
1.655853041184346e-04	5.011476e+00
1.656853041184375e-04	5.011476e+00
1.657853041184404e-04	5.011476e+00
1.658853041184433e-04	5.011476e+00
1.659853041184461e-04	5.011476e+00
1.660853041184490e-04	5.011476e+00
1.661853041184519e-04	5.011477e+00
1.662853041184548e-04	5.011477e+00
1.663853041184576e-04	5.011477e+00
1.664853041184605e-04	5.011477e+00
1.665853041184634e-04	5.011477e+00
1.666853041184663e-04	5.011477e+00
1.667853041184691e-04	5.011477e+00
1.668853041184720e-04	5.011477e+00
1.669853041184749e-04	5.011477e+00
1.670853041184778e-04	5.011477e+00
1.671853041184806e-04	5.011477e+00
1.672853041184835e-04	5.011477e+00
1.673853041184864e-04	5.011477e+00
1.674853041184893e-04	5.011477e+00
1.675853041184922e-04	5.011477e+00
1.676853041184950e-04	5.011477e+00
1.677853041184979e-04	5.011477e+00
1.678853041185008e-04	5.011477e+00
1.679853041185037e-04	5.011477e+00
1.680853041185065e-04	5.011477e+00
1.681853041185094e-04	5.011477e+00
1.682853041185123e-04	5.011477e+00
1.683853041185152e-04	5.011477e+00
1.684853041185180e-04	5.011477e+00
1.685853041185209e-04	5.011478e+00
1.686853041185238e-04	5.011478e+00
1.687853041185267e-04	5.011478e+00
1.688853041185295e-04	5.011478e+00
1.689853041185324e-04	5.011478e+00
1.690853041185353e-04	5.011478e+00
1.691853041185382e-04	5.011478e+00
1.692853041185410e-04	5.011478e+00
1.693853041185439e-04	5.011478e+00
1.694853041185468e-04	5.011478e+00
1.695853041185497e-04	5.011478e+00
1.696853041185525e-04	5.011478e+00
1.697853041185554e-04	5.011478e+00
1.698853041185583e-04	5.011478e+00
1.699853041185612e-04	5.011478e+00
1.700853041185640e-04	5.011478e+00
1.701853041185669e-04	5.011478e+00
1.702853041185698e-04	5.011478e+00
1.703853041185727e-04	5.011478e+00
1.704853041185755e-04	5.011478e+00
1.705853041185784e-04	5.011478e+00
1.706853041185813e-04	5.011478e+00
1.707853041185842e-04	5.011478e+00
1.708853041185870e-04	5.011478e+00
1.709853041185899e-04	5.011478e+00
1.710853041185928e-04	5.011478e+00
1.711853041185957e-04	5.011478e+00
1.712853041185985e-04	5.011478e+00
1.713853041186014e-04	5.011478e+00
1.714853041186043e-04	5.011478e+00
1.715853041186072e-04	5.011478e+00
1.716853041186100e-04	5.011478e+00
1.717853041186129e-04	5.011479e+00
1.718853041186158e-04	5.011479e+00
1.719853041186187e-04	5.011479e+00
1.720853041186216e-04	5.011479e+00
1.721853041186244e-04	5.011479e+00
1.722853041186273e-04	5.011479e+00
1.723853041186302e-04	5.011479e+00
1.724853041186331e-04	5.011479e+00
1.725853041186359e-04	5.011479e+00
1.726853041186388e-04	5.011479e+00
1.727853041186417e-04	5.011479e+00
1.728853041186446e-04	5.011479e+00
1.729853041186474e-04	5.011479e+00
1.730853041186503e-04	5.011479e+00
1.731853041186532e-04	5.011479e+00
1.732853041186561e-04	5.011479e+00
1.733853041186589e-04	5.011479e+00
1.734853041186618e-04	5.011479e+00
1.735853041186647e-04	5.011479e+00
1.736853041186676e-04	5.011479e+00
1.737853041186704e-04	5.011479e+00
1.738853041186733e-04	5.011479e+00
1.739853041186762e-04	5.011479e+00
1.740853041186791e-04	5.011479e+00
1.741853041186819e-04	5.011479e+00
1.742853041186848e-04	5.011479e+00
1.743853041186877e-04	5.011479e+00
1.744853041186906e-04	5.011479e+00
1.745853041186934e-04	5.011479e+00
1.746853041186963e-04	5.011479e+00
1.747853041186992e-04	5.011478e+00
1.748853041187021e-04	5.011478e+00
1.749853041187049e-04	5.011478e+00
1.750853041187078e-04	5.011478e+00
1.751853041187107e-04	5.011478e+00
1.752853041187136e-04	5.011478e+00
1.753853041187164e-04	5.011478e+00
1.754853041187193e-04	5.011478e+00
1.755853041187222e-04	5.011478e+00
1.756853041187251e-04	5.011478e+00
1.757853041187279e-04	5.011478e+00
1.758853041187308e-04	5.011478e+00
1.759853041187337e-04	5.011478e+00
1.760853041187366e-04	5.011478e+00
1.761853041187394e-04	5.011478e+00
1.762853041187423e-04	5.011478e+00
1.763853041187452e-04	5.011478e+00
1.764853041187481e-04	5.011478e+00
1.765853041187510e-04	5.011478e+00
1.766853041187538e-04	5.011478e+00
1.767853041187567e-04	5.011478e+00
1.768853041187596e-04	5.011478e+00
1.769853041187625e-04	5.011478e+00
1.770853041187653e-04	5.011478e+00
1.771853041187682e-04	5.011478e+00
1.772853041187711e-04	5.011478e+00
1.773853041187740e-04	5.011478e+00
1.774853041187768e-04	5.011478e+00
1.775853041187797e-04	5.011478e+00
1.776853041187826e-04	5.011478e+00
1.777853041187855e-04	5.011478e+00
1.778853041187883e-04	5.011478e+00
1.779853041187912e-04	5.011478e+00
1.780853041187941e-04	5.011478e+00
1.781853041187970e-04	5.011478e+00
1.782853041187998e-04	5.011478e+00
1.783853041188027e-04	5.011477e+00
1.784853041188056e-04	5.011477e+00
1.785853041188085e-04	5.011477e+00
1.786853041188113e-04	5.011477e+00
1.787853041188142e-04	5.011477e+00
1.788853041188171e-04	5.011477e+00
1.789853041188200e-04	5.011477e+00
1.790853041188228e-04	5.011477e+00
1.791853041188257e-04	5.011477e+00
1.792853041188286e-04	5.011477e+00
1.793853041188315e-04	5.011477e+00
1.794853041188343e-04	5.011477e+00
1.795853041188372e-04	5.011477e+00
1.796853041188401e-04	5.011477e+00
1.797853041188430e-04	5.011477e+00
1.798853041188458e-04	5.011477e+00
1.799853041188487e-04	5.011477e+00
1.800853041188516e-04	5.011477e+00
1.801853041188545e-04	5.011477e+00
1.802853041188573e-04	5.011477e+00
1.803853041188602e-04	5.011477e+00
1.804853041188631e-04	5.011477e+00
1.805853041188660e-04	5.011477e+00
1.806853041188689e-04	5.011477e+00
1.807853041188717e-04	5.011477e+00
1.808853041188746e-04	5.011477e+00
1.809853041188775e-04	5.011477e+00
1.810853041188804e-04	5.011477e+00
1.811853041188832e-04	5.011477e+00
1.812853041188861e-04	5.011477e+00
1.813853041188890e-04	5.011476e+00
1.814853041188919e-04	5.011476e+00
1.815853041188947e-04	5.011476e+00
1.816853041188976e-04	5.011476e+00
1.817853041189005e-04	5.011476e+00
1.818853041189034e-04	5.011476e+00
1.819853041189062e-04	5.011476e+00
1.820853041189091e-04	5.011476e+00
1.821853041189120e-04	5.011476e+00
1.822853041189149e-04	5.011476e+00
1.823853041189177e-04	5.011476e+00
1.824853041189206e-04	5.011476e+00
1.825853041189235e-04	5.011476e+00
1.826853041189264e-04	5.011476e+00
1.827853041189292e-04	5.011476e+00
1.828853041189321e-04	5.011476e+00
1.829853041189350e-04	5.011476e+00
1.830853041189379e-04	5.011475e+00
1.831853041189407e-04	5.011475e+00
1.832853041189436e-04	5.011475e+00
1.833853041189465e-04	5.011475e+00
1.834853041189494e-04	5.011475e+00
1.835853041189522e-04	5.011475e+00
1.836853041189551e-04	5.011475e+00
1.837853041189580e-04	5.011475e+00
1.838853041189609e-04	5.011475e+00
1.839853041189637e-04	5.011475e+00
1.840853041189666e-04	5.011475e+00
1.841853041189695e-04	5.011475e+00
1.842853041189724e-04	5.011475e+00
1.843853041189752e-04	5.011475e+00
1.844853041189781e-04	5.011475e+00
1.845853041189810e-04	5.011475e+00
1.846853041189839e-04	5.011474e+00
1.847853041189867e-04	5.011474e+00
1.848853041189896e-04	5.011474e+00
1.849853041189925e-04	5.011474e+00
1.850853041189954e-04	5.011474e+00
1.851853041189983e-04	5.011474e+00
1.852853041190011e-04	5.011474e+00
1.853853041190040e-04	5.011474e+00
1.854853041190069e-04	5.011474e+00
1.855853041190098e-04	5.011474e+00
1.856853041190126e-04	5.011474e+00
1.857853041190155e-04	5.011474e+00
1.858853041190184e-04	5.011474e+00
1.859853041190213e-04	5.011474e+00
1.860853041190241e-04	5.011474e+00
1.861853041190270e-04	5.011473e+00
1.862853041190299e-04	5.011473e+00
1.863853041190328e-04	5.011473e+00
1.864853041190356e-04	5.011473e+00
1.865853041190385e-04	5.011473e+00
1.866853041190414e-04	5.011473e+00
1.867853041190443e-04	5.011473e+00
1.868853041190471e-04	5.011473e+00
1.869853041190500e-04	5.011473e+00
1.870853041190529e-04	5.011473e+00
1.871853041190558e-04	5.011473e+00
1.872853041190586e-04	5.011473e+00
1.873853041190615e-04	5.011473e+00
1.874853041190644e-04	5.011473e+00
1.875853041190673e-04	5.011472e+00
1.876853041190701e-04	5.011472e+00
1.877853041190730e-04	5.011472e+00
1.878853041190759e-04	5.011472e+00
1.879853041190788e-04	5.011472e+00
1.880853041190816e-04	5.011472e+00
1.881853041190845e-04	5.011472e+00
1.882853041190874e-04	5.011472e+00
1.883853041190903e-04	5.011472e+00
1.884853041190931e-04	5.011472e+00
1.885853041190960e-04	5.011472e+00
1.886853041190989e-04	5.011472e+00
1.887853041191018e-04	5.011472e+00
1.888853041191046e-04	5.011472e+00
1.889853041191075e-04	5.011472e+00
1.890853041191104e-04	5.011471e+00
1.891853041191133e-04	5.011471e+00
1.892853041191161e-04	5.011471e+00
1.893853041191190e-04	5.011471e+00
1.894853041191219e-04	5.011471e+00
1.895853041191248e-04	5.011471e+00
1.896853041191277e-04	5.011471e+00
1.897853041191305e-04	5.011471e+00
1.898853041191334e-04	5.011471e+00
1.899853041191363e-04	5.011471e+00
1.900853041191392e-04	5.011471e+00
1.901853041191420e-04	5.011471e+00
1.902853041191449e-04	5.011471e+00
1.903853041191478e-04	5.011471e+00
1.904853041191507e-04	5.011471e+00
1.905853041191535e-04	5.011470e+00
1.906853041191564e-04	5.011470e+00
1.907853041191593e-04	5.011470e+00
1.908853041191622e-04	5.011470e+00
1.909853041191650e-04	5.011470e+00
1.910853041191679e-04	5.011470e+00
1.911853041191708e-04	5.011470e+00
1.912853041191737e-04	5.011470e+00
1.913853041191765e-04	5.011470e+00
1.914853041191794e-04	5.011470e+00
1.915853041191823e-04	5.011470e+00
1.916853041191852e-04	5.011470e+00
1.917853041191880e-04	5.011470e+00
1.918853041191909e-04	5.011470e+00
1.919853041191938e-04	5.011470e+00
1.920853041191967e-04	5.011469e+00
1.921853041191995e-04	5.011469e+00
1.922853041192024e-04	5.011469e+00
1.923853041192053e-04	5.011469e+00
1.924853041192082e-04	5.011469e+00
1.925853041192110e-04	5.011469e+00
1.926853041192139e-04	5.011469e+00
1.927853041192168e-04	5.011469e+00
1.928853041192197e-04	5.011469e+00
1.929853041192225e-04	5.011469e+00
1.930853041192254e-04	5.011469e+00
1.931853041192283e-04	5.011469e+00
1.932853041192312e-04	5.011469e+00
1.933853041192340e-04	5.011469e+00
1.934853041192369e-04	5.011469e+00
1.935853041192398e-04	5.011469e+00
1.936853041192427e-04	5.011469e+00
1.937853041192455e-04	5.011468e+00
1.938853041192484e-04	5.011468e+00
1.939853041192513e-04	5.011468e+00
1.940853041192542e-04	5.011468e+00
1.941853041192571e-04	5.011468e+00
1.942853041192599e-04	5.011468e+00
1.943853041192628e-04	5.011468e+00
1.944853041192657e-04	5.011468e+00
1.945853041192686e-04	5.011468e+00
1.946853041192714e-04	5.011468e+00
1.947853041192743e-04	5.011468e+00
1.948853041192772e-04	5.011468e+00
1.949853041192801e-04	5.011468e+00
1.950853041192829e-04	5.011468e+00
1.951853041192858e-04	5.011468e+00
1.952853041192887e-04	5.011468e+00
1.953853041192916e-04	5.011468e+00
1.954853041192944e-04	5.011467e+00
1.955853041192973e-04	5.011467e+00
1.956853041193002e-04	5.011467e+00
1.957853041193031e-04	5.011467e+00
1.958853041193059e-04	5.011467e+00
1.959853041193088e-04	5.011467e+00
1.960853041193117e-04	5.011467e+00
1.961853041193146e-04	5.011467e+00
1.962853041193174e-04	5.011467e+00
1.963853041193203e-04	5.011467e+00
1.964853041193232e-04	5.011467e+00
1.965853041193261e-04	5.011467e+00
1.966853041193289e-04	5.011467e+00
1.967853041193318e-04	5.011467e+00
1.968853041193347e-04	5.011467e+00
1.969853041193376e-04	5.011467e+00
1.970853041193404e-04	5.011467e+00
1.971853041193433e-04	5.011467e+00
1.972853041193462e-04	5.011467e+00
1.973853041193491e-04	5.011467e+00
1.974853041193519e-04	5.011467e+00
1.975853041193548e-04	5.011467e+00
1.976853041193577e-04	5.011467e+00
1.977853041193606e-04	5.011467e+00
1.978853041193634e-04	5.011467e+00
1.979853041193663e-04	5.011467e+00
1.980853041193692e-04	5.011467e+00
1.981853041193721e-04	5.011467e+00
1.982853041193749e-04	5.011467e+00
1.983853041193778e-04	5.011467e+00
1.984853041193807e-04	5.011467e+00
1.985853041193836e-04	5.011467e+00
1.986853041193865e-04	5.011466e+00
1.987853041193893e-04	5.011466e+00
1.988853041193922e-04	5.011466e+00
1.989853041193951e-04	5.011466e+00
1.990853041193980e-04	5.011466e+00
1.991853041194008e-04	5.011466e+00
1.992853041194037e-04	5.011466e+00
1.993853041194066e-04	5.011466e+00
1.994853041194095e-04	5.011466e+00
1.995853041194123e-04	5.011466e+00
1.996853041194152e-04	5.011466e+00
1.997853041194181e-04	5.011466e+00
1.998853041194210e-04	5.011466e+00
1.999853041194238e-04	5.011466e+00
2.000100000000143e-04	5.011466e+00
