time	V(t)
0.000000000000000e+00	5.010018e+00
1.000000000000133e-06	5.010018e+00
1.000000100000002e-06	5.010018e+00
1.000000299999741e-06	5.010018e+00
1.000000700000087e-06	5.010018e+00
1.000001000000562e-06	5.010018e+00
1.000001061656972e-06	5.010018e+00
1.000001184969790e-06	5.010018e+00
1.000001431594559e-06	5.010018e+00
1.000001843221889e-06	5.010018e+00
1.000002276499434e-06	5.010018e+00
1.000003143054526e-06	5.010018e+00
1.000004028443510e-06	5.010018e+00
1.000005459617266e-06	5.010018e+00
1.000007022289133e-06	5.010018e+00
1.000009762245832e-06	5.010018e+00
1.000012721520151e-06	5.010018e+00
1.000016926196688e-06	5.010018e+00
1.000021376230779e-06	5.010018e+00
1.000028661685137e-06	5.010018e+00
1.000034609147278e-06	5.010018e+00
1.000041865494711e-06	5.010018e+00
1.000049907098552e-06	5.010018e+00
1.000060333741608e-06	5.010018e+00
1.000073456347908e-06	5.010018e+00
1.000093510359311e-06	5.010018e+00
1.000126710729715e-06	5.010018e+00
1.000193111469656e-06	5.010018e+00
1.000299976776191e-06	5.010018e+00
1.000434483878695e-06	5.010018e+00
1.000634114424297e-06	5.010018e+00
1.000985911557388e-06	5.010018e+00
1.001689505823571e-06	5.010018e+00
1.003096694355068e-06	5.010018e+00
1.005911071418064e-06	5.010018e+00
1.011539825544923e-06	5.010020e+00
1.019755427197032e-06	5.010023e+00
1.030975241539389e-06	5.010031e+00
1.047739488811879e-06	5.010048e+00
1.070889656740355e-06	5.010080e+00
1.098797249714754e-06	5.010127e+00
1.127702741142260e-06	5.010182e+00
1.168619988597096e-06	5.010269e+00
1.242655068894351e-06	5.010447e+00
1.342655068894624e-06	5.010714e+00
1.442655068894898e-06	5.011004e+00
1.542655068895171e-06	5.011315e+00
1.642655068895445e-06	5.011641e+00
1.742655068895718e-06	5.011979e+00
1.842655068895992e-06	5.012329e+00
1.942655068896265e-06	5.012690e+00
2.042655068896539e-06	5.013060e+00
2.242655068897086e-06	5.013826e+00
2.542655068897906e-06	5.015041e+00
3.085512211756534e-06	5.017442e+00
3.628369354615161e-06	5.020063e+00
4.171226497473789e-06	5.022904e+00
4.714083640332417e-06	5.025966e+00
5.256940783191044e-06	5.029248e+00
5.799797926049672e-06	5.032751e+00
6.342655068908298e-06	5.036474e+00
6.842655068909666e-06	5.040080e+00
7.342655068911033e-06	5.043838e+00
7.842655068912401e-06	5.047748e+00
8.342655068913768e-06	5.051809e+00
8.842655068915135e-06	5.056021e+00
9.342655068916504e-06	5.060385e+00
9.842655068917870e-06	5.064901e+00
1.037122649749075e-05	5.069825e+00
1.089979792606362e-05	5.074866e+00
1.142836935463649e-05	5.080023e+00
1.195694078320937e-05	5.085298e+00
1.248551221178224e-05	5.090689e+00
1.301408364035512e-05	5.096197e+00
1.354265506892799e-05	5.101822e+00
1.435694078321593e-05	5.110730e+00
1.517122649750387e-05	5.119669e+00
1.598551221179181e-05	5.128640e+00
1.679979792607976e-05	5.137643e+00
1.761408364036770e-05	5.146677e+00
1.842836935465564e-05	5.155743e+00
1.924265506894358e-05	5.164841e+00
1.964265506894467e-05	5.169212e+00
2.004265506894577e-05	5.173528e+00
2.044265506894686e-05	5.177790e+00
2.084265506894795e-05	5.181998e+00
2.124265506894905e-05	5.186152e+00
2.164265506895014e-05	5.190252e+00
2.204265506895123e-05	5.194297e+00
2.224265506895178e-05	5.196288e+00
2.244265506895233e-05	5.198260e+00
2.264265506895288e-05	5.200212e+00
2.284265506895342e-05	5.202145e+00
2.304265506895397e-05	5.204058e+00
2.324265506895452e-05	5.205952e+00
2.344265506895506e-05	5.207827e+00
2.354265506895534e-05	5.208755e+00
2.364265506895561e-05	5.209679e+00
2.384265506895616e-05	5.211510e+00
2.414265506895698e-05	5.214215e+00
2.504265506895944e-05	5.222056e+00
2.594265506896190e-05	5.229385e+00
2.684265506896436e-05	5.236201e+00
2.774265506896682e-05	5.242504e+00
2.864265506896928e-05	5.248295e+00
2.954265506897175e-05	5.253573e+00
3.044265506897421e-05	5.258338e+00
3.131408364040516e-05	5.262410e+00
3.218551221183611e-05	5.266014e+00
3.305694078326708e-05	5.269149e+00
3.392836935469803e-05	5.271815e+00
3.479979792612898e-05	5.274012e+00
3.567122649755994e-05	5.275740e+00
3.654265506899089e-05	5.277000e+00
3.687122649756322e-05	5.277370e+00
3.719979792613555e-05	5.277682e+00
3.752836935470787e-05	5.277936e+00
3.785694078328020e-05	5.278131e+00
3.818551221185252e-05	5.278268e+00
3.851408364042485e-05	5.278346e+00
3.884265506899718e-05	5.278366e+00
3.904265506899773e-05	5.278352e+00
3.971408364042813e-05	5.278138e+00
4.038551221185854e-05	5.277722e+00
4.105694078328895e-05	5.277105e+00
4.172836935471936e-05	5.276287e+00
4.239979792614977e-05	5.275268e+00
4.307122649758017e-05	5.274047e+00
4.374265506901058e-05	5.272625e+00
4.498551221187112e-05	5.269422e+00
4.622836935473167e-05	5.265865e+00
4.747122649759221e-05	5.261954e+00
4.871408364045275e-05	5.257690e+00
4.995694078331329e-05	5.253072e+00
5.119979792617383e-05	5.248100e+00
5.244265506903437e-05	5.242774e+00
5.312836935475054e-05	5.239854e+00
5.381408364046669e-05	5.236944e+00
5.449979792618286e-05	5.234046e+00
5.518551221189902e-05	5.231158e+00
5.587122649761518e-05	5.228281e+00
5.655694078333134e-05	5.225415e+00
5.724265506904750e-05	5.222560e+00
5.765694078333434e-05	5.220871e+00
5.807122649762120e-05	5.219207e+00
5.848551221190804e-05	5.217569e+00
5.889979792619489e-05	5.215956e+00
5.931408364048174e-05	5.214369e+00
5.972836935476859e-05	5.212808e+00
6.014265506905543e-05	5.211272e+00
6.044265506905625e-05	5.210183e+00
6.054265506905653e-05	5.209824e+00
6.074265506905707e-05	5.209112e+00
6.104265506905789e-05	5.208058e+00
6.162836935477378e-05	5.206049e+00
6.221408364048967e-05	5.204122e+00
6.279979792620556e-05	5.202277e+00
6.338551221192144e-05	5.200515e+00
6.397122649763734e-05	5.198836e+00
6.455694078335322e-05	5.197239e+00
6.514265506906911e-05	5.195725e+00
6.592836935478554e-05	5.193844e+00
6.671408364050198e-05	5.192130e+00
6.749979792621841e-05	5.190584e+00
6.828551221193484e-05	5.189206e+00
6.907122649765129e-05	5.187996e+00
6.985694078336772e-05	5.186953e+00
7.064265506908415e-05	5.186078e+00
7.115694078337127e-05	5.185596e+00
7.167122649765838e-05	5.185180e+00
7.218551221194551e-05	5.184830e+00
7.269979792623263e-05	5.184546e+00
7.321408364051976e-05	5.184328e+00
7.372836935480687e-05	5.184176e+00
7.424265506909399e-05	5.184090e+00
7.454265506909481e-05	5.184066e+00
7.464265506909509e-05	5.184063e+00
7.474265506909536e-05	5.184062e+00
7.484265506909563e-05	5.184063e+00
7.504265506909618e-05	5.184072e+00
7.564265506909782e-05	5.184159e+00
7.624265506909946e-05	5.184315e+00
7.684265506910110e-05	5.184540e+00
7.744265506910274e-05	5.184833e+00
7.804265506910438e-05	5.185194e+00
7.864265506910603e-05	5.185624e+00
7.924265506910767e-05	5.186123e+00
8.021408364053890e-05	5.187074e+00
8.118551221197012e-05	5.188119e+00
8.215694078340135e-05	5.189259e+00
8.312836935483257e-05	5.190492e+00
8.409979792626381e-05	5.191820e+00
8.507122649769504e-05	5.193241e+00
8.604265506912626e-05	5.194757e+00
8.681408364055695e-05	5.195975e+00
8.758551221198762e-05	5.197195e+00
8.835694078341831e-05	5.198415e+00
8.912836935484898e-05	5.199637e+00
8.989979792627967e-05	5.200860e+00
9.067122649771036e-05	5.202084e+00
9.144265506914103e-05	5.203310e+00
9.195694078342816e-05	5.204108e+00
9.247122649771527e-05	5.204893e+00
9.298551221200239e-05	5.205664e+00
9.349979792628952e-05	5.206420e+00
9.401408364057664e-05	5.207163e+00
9.452836935486375e-05	5.207891e+00
9.504265506915088e-05	5.208605e+00
9.534265506915170e-05	5.209011e+00
9.554265506915224e-05	5.209279e+00
9.564265506915252e-05	5.209411e+00
9.584265506915306e-05	5.209674e+00
9.614265506915388e-05	5.210062e+00
9.639979792629745e-05	5.210390e+00
9.665694078344101e-05	5.210712e+00
9.691408364058457e-05	5.211029e+00
9.717122649772812e-05	5.211340e+00
9.742836935487168e-05	5.211646e+00
9.768551221201524e-05	5.211946e+00
9.794265506915881e-05	5.212240e+00
9.804265506915908e-05	5.212353e+00
9.889979792630428e-05	5.213287e+00
9.975694078344949e-05	5.214149e+00
1.006140836405947e-04	5.214939e+00
1.014712264977399e-04	5.215658e+00
1.023283693548851e-04	5.216305e+00
1.031855122120303e-04	5.216880e+00
1.040426550691755e-04	5.217383e+00
1.046712264977486e-04	5.217702e+00
1.052997979263218e-04	5.217984e+00
1.059283693548949e-04	5.218228e+00
1.065569407834681e-04	5.218434e+00
1.071855122120412e-04	5.218602e+00
1.078140836406144e-04	5.218733e+00
1.084426550691875e-04	5.218826e+00
1.086426550691881e-04	5.218849e+00
1.088426550691886e-04	5.218868e+00
1.090426550691892e-04	5.218884e+00
1.092426550691897e-04	5.218896e+00
1.094426550691903e-04	5.218905e+00
1.096426550691908e-04	5.218910e+00
1.098426550691914e-04	5.218913e+00
1.099426550691916e-04	5.218913e+00
1.101426550691922e-04	5.218910e+00
1.104426550691930e-04	5.218900e+00
1.111426550691949e-04	5.218843e+00
1.118426550691968e-04	5.218754e+00
1.125426550691987e-04	5.218632e+00
1.132426550692006e-04	5.218477e+00
1.139426550692026e-04	5.218290e+00
1.146426550692045e-04	5.218070e+00
1.153426550692064e-04	5.217818e+00
1.162855122120661e-04	5.217431e+00
1.172283693549258e-04	5.217016e+00
1.181712264977856e-04	5.216573e+00
1.191140836406453e-04	5.216102e+00
1.200569407835050e-04	5.215602e+00
1.209997979263647e-04	5.215075e+00
1.219426550692244e-04	5.214519e+00
1.226997979263694e-04	5.214070e+00
1.234569407835143e-04	5.213622e+00
1.242140836406592e-04	5.213176e+00
1.249712264978042e-04	5.212731e+00
1.257283693549491e-04	5.212287e+00
1.264855122120940e-04	5.211845e+00
1.272426550692389e-04	5.211405e+00
1.276997979263830e-04	5.211145e+00
1.281569407835272e-04	5.210890e+00
1.286140836406713e-04	5.210640e+00
1.290712264978154e-04	5.210393e+00
1.295283693549595e-04	5.210152e+00
1.299855122121036e-04	5.209915e+00
1.304426550692477e-04	5.209682e+00
1.306426550692482e-04	5.209582e+00
1.307426550692485e-04	5.209533e+00
1.309426550692491e-04	5.209435e+00
1.315140836406792e-04	5.209160e+00
1.320855122121093e-04	5.208895e+00
1.326569407835395e-04	5.208641e+00
1.332283693549696e-04	5.208398e+00
1.337997979263997e-04	5.208166e+00
1.343712264978299e-04	5.207944e+00
1.349426550692600e-04	5.207732e+00
1.357426550692622e-04	5.207457e+00
1.365426550692644e-04	5.207206e+00
1.373426550692666e-04	5.206978e+00
1.381426550692687e-04	5.206775e+00
1.389426550692709e-04	5.206595e+00
1.397426550692731e-04	5.206439e+00
1.405426550692753e-04	5.206306e+00
1.410712264978482e-04	5.206233e+00
1.415997979264210e-04	5.206168e+00
1.421283693549939e-04	5.206114e+00
1.426569407835668e-04	5.206069e+00
1.431855122121397e-04	5.206034e+00
1.437140836407125e-04	5.206009e+00
1.442426550692854e-04	5.205994e+00
1.443569407835715e-04	5.205991e+00
1.444712264978575e-04	5.205990e+00
1.445855122121435e-04	5.205988e+00
1.446997979264295e-04	5.205987e+00
1.448140836407156e-04	5.205986e+00
1.449283693550016e-04	5.205986e+00
1.450426550692876e-04	5.205986e+00
1.452426550692882e-04	5.205987e+00
1.458426550692898e-04	5.206000e+00
1.464426550692914e-04	5.206021e+00
1.470426550692931e-04	5.206053e+00
1.476426550692947e-04	5.206093e+00
1.482426550692964e-04	5.206143e+00
1.488426550692980e-04	5.206203e+00
1.494426550692996e-04	5.206272e+00
1.503997979264451e-04	5.206402e+00
1.513569407835906e-04	5.206544e+00
1.523140836407361e-04	5.206698e+00
1.532712264978816e-04	5.206866e+00
1.542283693550270e-04	5.207046e+00
1.551855122121725e-04	5.207238e+00
1.561426550693180e-04	5.207444e+00
1.569283693550344e-04	5.207615e+00
1.577140836407508e-04	5.207786e+00
1.584997979264673e-04	5.207957e+00
1.592855122121837e-04	5.208129e+00
1.600712264979002e-04	5.208301e+00
1.608569407836166e-04	5.208473e+00
1.616426550693330e-04	5.208645e+00
1.621712264979059e-04	5.208759e+00
1.626997979264788e-04	5.208870e+00
1.632283693550516e-04	5.208979e+00
1.637569407836245e-04	5.209086e+00
1.642855122121974e-04	5.209191e+00
1.648140836407703e-04	5.209294e+00
1.653426550693431e-04	5.209395e+00
1.656426550693440e-04	5.209451e+00
1.658426550693445e-04	5.209487e+00
1.664283693550604e-04	5.209593e+00
1.670140836407763e-04	5.209694e+00
1.675997979264922e-04	5.209791e+00
1.681855122122081e-04	5.209884e+00
1.687712264979239e-04	5.209973e+00
1.693569407836398e-04	5.210057e+00
1.699426550693557e-04	5.210138e+00
1.707426550693579e-04	5.210240e+00
1.715426550693601e-04	5.210334e+00
1.723426550693623e-04	5.210419e+00
1.731426550693645e-04	5.210495e+00
1.739426550693667e-04	5.210561e+00
1.747426550693688e-04	5.210619e+00
1.755426550693710e-04	5.210669e+00
1.760855122122297e-04	5.210697e+00
1.766283693550883e-04	5.210721e+00
1.771712264979469e-04	5.210742e+00
1.777140836408055e-04	5.210759e+00
1.782569407836642e-04	5.210772e+00
1.787997979265228e-04	5.210782e+00
1.793426550693814e-04	5.210787e+00
1.795426550693820e-04	5.210788e+00
1.797426550693825e-04	5.210789e+00
1.799426550693831e-04	5.210789e+00
1.801426550693836e-04	5.210789e+00
1.803426550693842e-04	5.210788e+00
1.805426550693847e-04	5.210787e+00
1.807426550693852e-04	5.210786e+00
1.815140836408159e-04	5.210775e+00
1.822855122122466e-04	5.210759e+00
1.830569407836773e-04	5.210738e+00
1.838283693551080e-04	5.210711e+00
1.845997979265387e-04	5.210679e+00
1.853712264979693e-04	5.210642e+00
1.861426550694000e-04	5.210599e+00
1.870712264979740e-04	5.210542e+00
1.879997979265479e-04	5.210482e+00
1.889283693551219e-04	5.210418e+00
1.898569407836959e-04	5.210351e+00
1.907855122122699e-04	5.210281e+00
1.917140836408438e-04	5.210208e+00
1.926426550694178e-04	5.210131e+00
1.933997979265627e-04	5.210069e+00
1.941569407837077e-04	5.210007e+00
1.949140836408526e-04	5.209945e+00
1.956712264979975e-04	5.209884e+00
1.964283693551424e-04	5.209823e+00
1.971855122122874e-04	5.209763e+00
1.979426550694323e-04	5.209703e+00
1.982855122122904e-04	5.209677e+00
1.986283693551484e-04	5.209651e+00
1.989712264980065e-04	5.209625e+00
1.993140836408646e-04	5.209600e+00
1.996569407837227e-04	5.209575e+00
1.999997979265808e-04	5.209551e+00
2.003426550694389e-04	5.209527e+00
2.004426550694391e-04	5.209519e+00
2.008426550694402e-04	5.209492e+00
2.009426550694405e-04	5.209485e+00
2.010000000000007e-04	5.209481e+00
