1.00000000000000e+00 141.326916575572 177.615730979699
1.00770481413610e+00 141.326800679518 177.597381993686
1.01546899243308e+00 141.326682999333 177.578892127569
1.02329299228075e+00 141.326563462445 177.560260319974
1.03117727459306e+00 141.326442164222 177.541485454373
1.03912230383517e+00 141.326318918996 177.522566485123
1.04712854805090e+00 141.326193798815 177.503502285572
1.05519647889024e+00 141.326066740594 177.48429175911
1.06332657163716e+00 141.325937692024 177.464933797832
1.07151930523761e+00 141.325806701342 177.445427256106
1.07977516232771e+00 141.325673636755 177.425771032415
1.08809462926223e+00 141.325538590447 177.405963950799
1.09647819614319e+00 141.325401373571 177.386004910051
1.10492635684876e+00 141.32526207734 177.365892716918
1.11343960906236e+00 141.325120646585 177.345626212918
1.12201845430196e+00 141.324977036863 177.325204227785
1.13066339794964e+00 141.324831180779 177.304625589509
1.13937494928134e+00 141.324683088965 177.283889093246
1.14815362149688e+00 141.324532704204 177.262993546013
1.15699993175021e+00 141.324380013627 177.241937731934
1.16591440117983e+00 141.324224958945 177.22072044041
1.17489755493953e+00 141.324067526197 177.199340437568
1.18394992222930e+00 141.323907644769 177.177796498452
1.19307203632654e+00 141.323745299578 177.156087371105
1.20226443461741e+00 141.323580463739 177.134211797684
1.21152765862859e+00 141.323413053705 177.112168529838
1.22086225405907e+00 141.323243030207 177.089956295251
1.23026877081238e+00 141.32307045431 177.06757377818
1.23974776302895e+00 141.322895184587 177.04501972115
1.24929978911874e+00 141.32271721358 177.022292812097
1.25892541179417e+00 141.322536510767 176.999391736812
1.26862519810326e+00 141.322353011347 176.976315183112
1.27839971946303e+00 141.322166717153 176.953061805768
1.28824955169314e+00 141.321977461163 176.929630308791
1.29817527504985e+00 141.321785344797 176.906019291888
1.30817747426020e+00 141.321590266965 176.882227415863
1.31825673855641e+00 141.321392193163 176.858253307685
1.32841366171065e+00 141.321191020926 176.834095608975
1.33864884207000e+00 141.320986792817 176.809752898226
1.34896288259166e+00 141.320779393732 176.785223801013
1.35935639087853e+00 141.32056878631 176.760506904239
1.36982997921497e+00 141.32035491003 176.735600792812
1.38038426460289e+00 141.320137759659 176.710504020258
1.39101986879806e+00 141.31991725074 176.685215159253
1.40173741834677e+00 141.3196933877 176.659732737868
1.41253754462276e+00 141.319466039695 176.634055325167
1.42342088386435e+00 141.319235187151 176.608181436795
1.43438807721197e+00 141.319000764857 176.582109595106
1.44543977074593e+00 141.31876278521 176.555838280659
1.45657661552446e+00 141.318521080501 176.529366034229
1.46779926762207e+00 141.318275639035 176.502691323888
1.47910838816821e+00 141.318026504258 176.475812583558
1.49050464338620e+00 141.317773416278 176.448728358717
1.50198870463249e+00 141.31751649519 176.42143702926
1.51356124843621e+00 141.317255636145 176.393937054922
1.52522295653902e+00 141.316990699788 176.366226898829
1.53697451593528e+00 141.316721691444 176.338304952524
1.54881661891249e+00 141.316448593081 176.310169604943
1.56074996309212e+00 141.316171240135 176.281819295401
1.57277525147067e+00 141.315889601456 176.25325239516
1.58489319246112e+00 141.31560362251 176.224467273254
1.59710449993461e+00 141.315313270153 176.195462277319
1.60940989326254e+00 141.315018465436 176.166235762577
1.62181009735894e+00 141.314719094806 176.136786087774
1.63430584272314e+00 141.314415077254 176.107111585371
1.64689786548288e+00 141.314106386677 176.077210550962
1.65958690743757e+00 141.313793007072 176.047081262521
1.67237371610209e+00 141.313474787043 176.016722046873
1.68525904475076e+00 141.313151641246 175.986131188978
1.69824365246175e+00 141.312823527972 175.955306940937
1.71132830416179e+00 141.312490348419 175.924247568614
1.72451377067121e+00 141.312152036196 175.89295130993
1.73780082874938e+00 141.311808546104 175.861416379885
1.75119026114047e+00 141.311459775816 175.829641007423
1.76468285661951e+00 141.311105632983 175.79762340406
1.77827941003893e+00 141.310746046398 175.765361758003
1.79198072237534e+00 141.310380932423 175.732854250305
1.80578760077673e+00 141.310010139065 175.700099082727
1.81970085860999e+00 141.309633691957 175.66709435592
1.83372131550889e+00 141.309251470058 175.633838229364
1.84784979742230e+00 141.308863362194 175.600328844524
1.86208713666288e+00 141.308469255857 175.566564330323
1.87643417195610e+00 141.308069104246 175.53254276872
1.89089174848965e+00 141.307662803284 175.498262256835
1.90546071796326e+00 141.307250303366 175.463720849673
1.92014193863881e+00 141.306831352332 175.428916694577
1.93493627539096e+00 141.306406042976 175.393847744164
1.94984459975806e+00 141.305974220789 175.358512066345
1.96486778999348e+00 141.305535696285 175.322907734655
1.98000673111740e+00 141.305090479552 175.287032701497
1.99526231496889e+00 141.30463841158 175.250884995769
2.01063544025850e+00 141.304179376501 175.214462609124
2.02612701262116e+00 141.303713335033 175.177763476471
2.04173794466954e+00 141.30324006764 175.140785618024
2.05746915604785e+00 141.302759598799 175.1035269036
2.07332157348597e+00 141.302271728049 175.06598531402
2.08929613085405e+00 141.301776387224 175.028158740999
2.10539376921756e+00 141.301273394856 174.990045126289
2.12161543689270e+00 141.30076265705 174.951642346791
2.13796208950225e+00 141.300244167413 174.912948212876
2.15443469003190e+00 141.299717683471 174.873960657221
2.17103420888697e+00 141.29918311717 174.834677507857
2.18776162394957e+00 141.298640334009 174.795096604595
2.20461792063620e+00 141.298089253402 174.755215739834
2.22160409195583e+00 141.297529714825 174.715032738449
2.23872113856835e+00 141.296961589311 174.674545391017
2.25597006884359e+00 141.296384745969 174.633751473882
2.27335189892065e+00 141.295799074245 174.592648735198
2.29086765276779e+00 141.295204350152 174.551234978133
2.30851836224278e+00 141.294600592868 174.509507838102
2.32630506715364e+00 141.293987563213 174.467465096273
2.34422881531994e+00 141.293365120245 174.425104457065
2.36229066263448e+00 141.29273317661 174.382423573891
2.38049167312553e+00 141.292091564842 174.339420135579
2.39883291901951e+00 141.291440059662 174.296091853209
2.41731548080412e+00 141.290778567234 174.252436336159
2.43594044729205e+00 141.290107035988 174.20845114817
2.45470891568505e+00 141.289425133826 174.164134023599
2.47362199163864e+00 141.288732838027 174.119482474107
2.49268078932720e+00 141.28802994547 174.074494115473
2.51188643150960e+00 141.287316295204 174.029166518837
2.53124004959538e+00 141.286591712775 173.983497248185
2.55074278371138e+00 141.28585607692 173.937483813784
2.57039578276888e+00 141.285109130481 173.891123804148
2.59020020453134e+00 141.284350825077 173.844414644482
2.61015721568256e+00 141.283580898562 173.797353893662
2.63026799189540e+00 141.282799186302 173.749939025115
2.65053371790110e+00 141.282005521065 173.702167497067
2.67095558755901e+00 141.281199777417 173.654036719753
2.69153480392694e+00 141.280381705056 173.605544177311
2.71227257933205e+00 141.279551062135 173.556687331882
2.73317013544226e+00 141.278707826135 173.507463465297
2.75422870333819e+00 141.277851683059 173.457870058475
2.77544952358573e+00 141.276982482642 173.407904453143
2.79683384630910e+00 141.276099982974 173.357564043016
2.81838293126448e+00 141.275204016938 173.306846147588
2.84009804791424e+00 141.274294436633 173.255748053059
2.86198047550173e+00 141.27337091374 173.204267168469
2.88403150312663e+00 141.272433305476 173.152400741287
2.90625242982089e+00 141.271481454869 173.100146011308
2.92864456462526e+00 141.270515068831 173.04750030845
2.95120922666641e+00 141.269533928756 172.9944608867
2.97394774523463e+00 141.268537879303 172.941024930377
2.99686145986215e+00 141.267526640051 172.887189707593
3.01995172040204e+00 141.266499971638 172.832952435593
3.04321988710775e+00 141.265457719944 172.778310243178
3.06666733071321e+00 141.264399539316 172.723260400217
3.09029543251362e+00 141.263325313108 172.667799967382
3.11410558444679e+00 141.262234722041 172.6119261574
3.13809918917516e+00 141.261127509759 172.555636112757
3.16227766016841e+00 141.260003515857 172.498926874914
3.18664242178676e+00 141.258862388393 172.441795632605
3.21119490936485e+00 141.257703981797 172.384239377116
3.23593656929631e+00 141.256527925805 172.32625527814
3.26086885911897e+00 141.255333968003 172.267840385155
3.28599324760069e+00 141.25412191841 172.208991672465
3.31131121482594e+00 141.252891428633 172.149706238287
3.33682425228298e+00 141.251642278878 172.089981047173
3.36253386295166e+00 141.250374234317 172.02981305748
3.38844156139206e+00 141.249086890711 171.969199366123
3.41454887383364e+00 141.247780049352 171.908136862528
3.44085733826517e+00 141.246453375107 171.846622544065
3.46736850452535e+00 141.245106550795 171.784653374502
3.49408393439410e+00 141.243739431261 171.722226134849
3.52100520168456e+00 141.242351547658 171.659337896433
3.54813389233579e+00 141.240942658159 171.595985496219
3.57547160450625e+00 141.239512406475 171.532165863345
3.60301994866789e+00 141.238060530949 171.467875816638
3.63078054770105e+00 141.236586699418 171.403112225567
3.65875503699007e+00 141.235090586202 171.337871935266
3.68694506451962e+00 141.233571872024 171.272151766413
3.71535229097177e+00 141.232030189031 171.205948571072
3.74397838982385e+00 141.230465274499 171.139259076171
3.77282504744704e+00 141.228876608429 171.072080254738
3.80189396320565e+00 141.227264061205 171.004408660442
3.83118684955733e+00 141.225627136123 170.936241207863
3.86070543215386e+00 141.223965551008 170.86757457139
3.89045144994285e+00 141.222278898034 170.798405539191
3.92042665527020e+00 141.220566830115 170.728730818006
3.95063281398328e+00 141.218828973121 170.658547125738
3.98107170553502e+00 141.217064958687 170.58785115641
4.01174512308867e+00 141.215274336615 170.516639676508
4.04265487362349e+00 141.213456782744 170.444909297631
4.07380277804118e+00 141.211611923711 170.372656666772
4.10519067127313e+00 141.209739315136 170.299878493207
4.13682040238856e+00 141.207838594597 170.226571377837
4.16869383470340e+00 141.205909273954 170.152732046684
4.20081284589012e+00 141.203951045083 170.078357004281
4.23317932808826e+00 141.201963343129 170.003443032971
4.26579518801598e+00 141.199945946592 169.927986501491
4.29866234708233e+00 141.197898257294 169.85198419913
4.33178274150047e+00 141.195819813068 169.77543274317
4.36515832240171e+00 141.193710320018 169.698328534002
4.39879105595049e+00 141.191569151517 169.620668352183
4.43268292346014e+00 141.189396023198 169.542448552172
4.46683592150969e+00 141.187190394202 169.463665781142
4.50125206206139e+00 141.184951717598 169.384316680894
4.53593337257933e+00 141.18267967921 169.304397591075
4.57088189614881e+00 141.180373665147 169.223905205991
4.60609969159672e+00 141.178033250606 169.142835970844
4.64158883361284e+00 141.175657906587 169.061186446496
4.67735141287204e+00 141.173247162609 168.978953105442
4.71338953615747e+00 141.17080050899 168.89613245502
4.74970532648462e+00 141.168317375237 168.812721067793
4.78630092322645e+00 141.165797346453 168.728715300464
4.82317848223937e+00 141.163239816877 168.644111744125
4.86034017599028e+00 141.160644228029 168.558906916591
4.89778819368453e+00 141.15801009008 168.473097231308
4.93552474139487e+00 141.155336895219 168.386679110697
4.97355204219146e+00 141.152623945083 168.299649222921
5.01187233627279e+00 141.149870782328 168.212003898245
5.05048788109766e+00 141.147076877462 168.123739550693
5.08940095151816e+00 141.144241532086 168.03485281595
5.12861383991372e+00 141.141364255824 167.945340031118
5.16812885632611e+00 141.138444421586 167.855197711881
5.20794832859554e+00 141.135481405552 167.764422359685
5.24807460249780e+00 141.132474672945 167.673010338313
5.28851004188245e+00 141.129423520207 167.580958243389
5.32925702881208e+00 141.126327386303 167.488262455832
5.37031796370260e+00 141.1231856058 167.394919498475
5.41169526546471e+00 141.119997569669 167.300925802838
5.45339137164635e+00 141.116762618033 167.20627786643
5.49540873857632e+00 141.113480050951 167.110972239616
5.53774984150898e+00 141.110149299319 167.015005268113
5.58041717477005e+00 141.106769572168 166.918373625934
5.62341325190357e+00 141.103340305192 166.821073635573
5.66674060581999e+00 141.099860754961 166.723101886453
5.71040178894535e+00 141.096330223054 166.624454893963
5.75439937337165e+00 141.092748055775 166.525129097375
5.79873595100840e+00 141.089113431346 166.425121196085
5.84341413373526e+00 141.085425753351 166.32442752883
5.88843655355598e+00 141.081684193511 166.223044798636
5.93380586275337e+00 141.07788807417 166.12096946499
5.97952473404561e+00 141.074036655712 166.018198082676
6.02559586074367e+00 141.070129157918 165.914727271106
6.07202195690998e+00 141.066164791738 165.81055366363
6.11880575751831e+00 141.062142780373 165.705673873201
6.16595001861492e+00 141.058062390755 165.600084438134
6.21345751748085e+00 141.05392281729 165.493782017787
6.26133105279562e+00 141.049723245306 165.386763288887
6.30957344480203e+00 141.04546289303 165.279024872361
6.35818753547233e+00 141.041140832717 165.170563645067
6.40717618867564e+00 141.036756390209 165.061376046109
6.45654229034666e+00 141.032308661086 164.951458917288
6.50628874865567e+00 141.027796763228 164.84080906872
6.55641849417989e+00 141.023219878436 164.729423201775
6.60693448007606e+00 141.018577095194 164.617298190591
6.65783968225447e+00 141.013867628379 164.504430687105
6.70913709955422e+00 141.00909051594 164.390817671116
6.76082975391993e+00 141.004244890707 164.276455958441
6.81292069057972e+00 140.999329823628 164.161342487505
6.86541297822466e+00 140.994344490404 164.045474010682
6.91830970918948e+00 140.989287786504 163.928847817167
6.97161399963479e+00 140.984158930367 163.811460600352
7.02532898973064e+00 140.978956932986 163.693309456288
7.07945784384150e+00 140.973680857785 163.574391395298
7.13400375071268e+00 140.96832971684 163.454703541124
7.18896992365819e+00 140.962902605276 163.334242869562
7.24435960075002e+00 140.957398412054 163.213006778723
7.30017604500890e+00 140.951816263857 163.090992214561
7.35642254459654e+00 140.946155029961 162.968196653389
7.41310241300930e+00 140.940413847524 162.844617053367
7.47021898927344e+00 140.934591596721 162.720250909842
7.52777563814179e+00 140.928687250589 162.595095553595
7.58577575029197e+00 140.922699812958 162.469148273017
7.64422274252613e+00 140.916628175166 162.342406612387
7.70312005797228e+00 140.910471341163 162.21486790629
7.76247116628705e+00 140.904228202554 162.086529749105
7.82227956386016e+00 140.897897620723 161.957389829401
7.88254877402035e+00 140.891478548826 161.827445668749
7.94328234724295e+00 140.884969949923 161.696694792853
8.00448386135906e+00 140.878370634878 161.565135087618
8.06615692176628e+00 140.871679495921 161.432764295534
8.12830516164114e+00 140.864895394961 161.299580258482
8.19093224215312e+00 140.858017153664 161.165580942738
8.25404185268033e+00 140.851043724798 161.030764056335
8.31763771102686e+00 140.843973789336 160.895127956555
8.38172356364177e+00 140.836806350206 160.758670309073
8.44630318583984e+00 140.82954009899 160.621389528436
8.51138038202392e+00 140.822173888142 160.483283703536
8.57695898590910e+00 140.81470655001 160.344351009294
8.64304286074852e+00 140.807136807377 160.204589922193
8.70963589956096e+00 140.799463423463 160.063998871694
8.77674202536022e+00 140.791685290894 159.92257602391
8.84436519138616e+00 140.783801064003 159.780320162219
8.91250938133762e+00 140.775809477344 159.637229931316
8.98117860960711e+00 140.76770936471 159.493303784115
9.05037692151729e+00 140.759499323315 159.348540807342
9.12010839355927e+00 140.751178177997 159.202939581888
9.19037713363277e+00 140.742744684809 159.056498911576
9.26118728128811e+00 140.734197472839 158.90921797705
9.33254300797009e+00 140.725535192067 158.761095970472
9.40444851726369e+00 140.716756688807 158.612131643145
9.47690804514177e+00 140.707860419651 158.462324809067
9.54992586021454e+00 140.698845232589 158.311674339451
9.62350626398107e+00 140.689709703909 158.160179875518
9.69765359108268e+00 140.680452537562 158.007840793291
9.77237220955829e+00 140.671072332289 157.854656817345
9.84766652110177e+00 140.661567756087 157.700627560263
9.92354096132120e+00 140.651937391832 157.54575293808
1.00000000000002e+01 140.642179929954 157.390032650429
1.00770481413612e+01 140.632293918716 157.233466863073
1.01546899243310e+01 140.622278032955 157.076055472403
1.02329299228077e+01 140.612130796753 156.917798874861
1.03117727459308e+01 140.601850832167 156.758697279152
1.03912230383519e+01 140.59143672549 156.598751077919
1.04712854805092e+01 140.580887084566 156.43796068964
1.05519647889026e+01 140.570200453746 156.276326803376
1.06332657163718e+01 140.55937535238 156.113850274412
1.07151930523763e+01 140.548410387913 155.950531797099
1.07977516232773e+01 140.537304114482 155.786372314373
1.08809462926225e+01 140.526055071096 155.621372911786
1.09647819614321e+01 140.514661837849 155.455534651858
1.10492635684878e+01 140.503122886961 155.288859022075
1.11343960906238e+01 140.491436797392 155.121347293996
1.12201845430199e+01 140.479602031929 154.953001198131
1.13066339794966e+01 140.467617187654 154.783822163186
1.13937494928136e+01 140.455480755461 154.613812052509
1.14815362149691e+01 140.443191249947 154.442972769491
1.15699993175023e+01 140.430747163754 154.271306403334
1.16591440117986e+01 140.418147068111 154.098814909272
1.17489755493955e+01 140.405389339677 153.925500982895
1.18394992222933e+01 140.392472643389 153.751366518075
1.19307203632656e+01 140.379395314704 153.576414593341
1.20226443461744e+01 140.366156003682 153.400647392627
1.21152765862861e+01 140.352753069539 153.224068179207
1.22086225405910e+01 140.339185130753 153.046679491545
1.23026877081241e+01 140.325450544496 152.868484870572
1.23974776302897e+01 140.311547961797 152.689487006063
1.24929978911876e+01 140.297475747643 152.509689689018
1.25892541179419e+01 140.283232427198 152.329096309534
1.26862519810329e+01 140.268816516491 152.147710428423
1.27839971946305e+01 140.25422653157 151.965535746723
1.28824955169316e+01 140.239460849184 151.782576602369
1.29817527504988e+01 140.224518066443 151.598836708512
1.30817747426022e+01 140.209396615761 151.41432050981
1.31825673855644e+01 140.194095087996 151.229032037953
1.32841366171068e+01 140.178611894028 151.042976124961
1.33864884207002e+01 140.162945611838 150.856157156926
1.34896288259168e+01 140.147094633291 150.668580360748
1.35935639087856e+01 140.131057611036 150.480250164765
1.36982997921500e+01 140.114832944901 150.291172096491
1.38038426460292e+01 140.098419235271 150.101351103158
1.39101986879808e+01 140.081814909132 149.910792953174
1.40173741834680e+01 140.065018618364 149.719502732234
1.41253754462279e+01 140.048028817929 149.527486447973
1.42342088386437e+01 140.030844036691 149.334750003901
1.43438807721200e+01 140.013462876614 149.141299195452
1.44543977074596e+01 139.995883854793 148.947140326494
1.45657661552449e+01 139.978105578704 148.752279527664
1.46779926762210e+01 139.960126564512 148.556723474123
1.47910838816824e+01 139.94194544369 148.360478566392
1.49050464338623e+01 139.923560758093 148.16355175287
1.50198870463252e+01 139.904971083799 147.965950036072
1.51356124843624e+01 139.886175119753 147.767680103744
1.52522295653905e+01 139.867171380941 147.568749594919
1.53697451593531e+01 139.847958594378 147.369165464019
1.54881661891252e+01 139.828535337411 147.168935485917
1.56074996309215e+01 139.808900279178 146.968067250356
1.57277525147070e+01 139.789052076906 146.766568597926
1.58489319246115e+01 139.768989431724 146.564447381486
1.59710449993464e+01 139.748710987047 146.361711908772
1.60940989326257e+01 139.728215455016 146.158370397974
1.62181009735897e+01 139.707501623203 145.954430936723
1.63430584272318e+01 139.686568138475 145.749902445685
1.64689786548291e+01 139.665413809528 145.544793336297
1.65958690743760e+01 139.644037291639 145.339112923963
1.67237371610212e+01 139.622437530806 145.132869419178
1.68525904475079e+01 139.600613184305 144.926072560352
1.69824365246178e+01 139.578563138895 144.718731252604
1.71132830416182e+01 139.556286192581 144.510855027332
1.72451377067124e+01 139.533781198627 144.302453377218
1.73780082874942e+01 139.511047035723 144.093535895334
1.75119026114050e+01 139.488082549362 143.884112554722
1.76468285661954e+01 139.464886670565 143.674193142908
1.77827941003897e+01 139.441458349209 143.463787576252
1.79198072237538e+01 139.417796503833 143.25290614688
1.80578760077676e+01 139.393900073834 143.04155927438
1.81970085861003e+01 139.369768076977 142.829757216918
1.83372131550893e+01 139.345399515934 142.617510532506
1.84784979742234e+01 139.320793407944 142.404829934968
1.86208713666291e+01 139.295948806491 142.191726183949
1.87643417195613e+01 139.270864829328 141.978209938474
1.89089174848969e+01 139.245540449045 141.764292832966
1.90546071796329e+01 139.21997492692 141.549985245429
1.92014193863885e+01 139.194167324483 141.335298812423
1.93493627539100e+01 139.168116831695 141.120244736667
1.94984459975809e+01 139.141822655346 140.904834357729
1.96486778999352e+01 139.115284012988 140.689079186938
1.98000673111743e+01 139.088500100276 140.472991087934
1.99526231496893e+01 139.061470225772 140.256581544649
2.01063544025854e+01 139.03419364338 140.03986257005
2.02612701262119e+01 139.006669758811 139.822845570751
2.04173794466958e+01 138.978897845052 139.60554291468
2.05746915604789e+01 138.950877261919 139.387966723654
2.07332157348601e+01 138.922607473885 139.170128758474
2.08929613085409e+01 138.894087861845 138.952041477567
2.10539376921761e+01 138.86531792452 138.73371689862
2.12161543689274e+01 138.836297098466 138.515167621643
2.13796208950229e+01 138.807024931083 138.296405834725
2.15443469003194e+01 138.777500928236 138.077444192621
2.17103420888701e+01 138.747724680763 137.858295077005
2.18776162394961e+01 138.717695782928 137.638971072948
2.20461792063624e+01 138.687413888131 137.419484630845
2.22160409195587e+01 138.65687858704 137.199848804683
2.23872113856840e+01 138.626089633631 136.980075878972
2.25597006884364e+01 138.595046707518 136.76017880808
2.27335189892069e+01 138.5637495898 136.540170138793
2.29086765276783e+01 138.532197954416 136.320063303781
2.30851836224282e+01 138.500391730129 136.099870357361
2.32630506715369e+01 138.468330668469 135.879604677332
2.34422881531998e+01 138.436014679831 135.659278847394
2.36229066263452e+01 138.403443628782 135.438905952814
2.38049167312558e+01 138.370617455986 135.218498796396
2.39883291901955e+01 138.337536142744 134.998070117446
2.41731548080417e+01 138.30419961566 134.777633219827
2.43594044729209e+01 138.270607899624 134.557200965417
2.45470891568510e+01 138.2367611152 134.336785770146
2.47362199163869e+01 138.202659257603 134.116401085288
2.49268078932724e+01 138.168302430235 133.896059834108
2.51188643150965e+01 138.133690836447 133.675774446872
2.53124004959543e+01 138.098824605805 133.455558042748
2.55074278371143e+01 138.063703898788 133.235423721805
2.57039578276893e+01 138.028329000999 133.015383893451
2.59020020453139e+01 137.992700132184 132.795451609022
2.61015721568261e+01 137.956817625063 132.575639295912
2.63026799189545e+01 137.920681753125 132.355959977309
2.65053371790115e+01 137.884292855959 132.136426379801
2.67095558755906e+01 137.847651317375 131.917051077632
2.69153480392699e+01 137.810757554675 131.697846563618
2.71227257933210e+01 137.773612028216 131.478825172329
2.73317013544231e+01 137.736215147341 131.259999776436
2.75422870333824e+01 137.698567419426 131.04138267666
2.77544952358579e+01 137.660669364918 130.822986226437
2.79683384630916e+01 137.622521536599 130.604822679617
2.81838293126453e+01 137.584124505266 130.386904299186
2.84009804791429e+01 137.545478873697 130.169243242018
2.86198047550179e+01 137.506585281024 129.951851520295
2.88403150312669e+01 137.467444374337 129.734741217609
2.90625242982095e+01 137.428056845804 129.517924193136
2.92864456462532e+01 137.388423390724 129.301412406815
2.95120922666647e+01 137.348544775769 129.085217370767
2.97394774523469e+01 137.308421734129 128.869350982609
2.99686145986221e+01 137.268055042841 128.653824903273
3.01995172040210e+01 137.227445565376 128.438650194067
3.04321988710781e+01 137.186594122998 128.22383836497
3.06666733071327e+01 137.145501544555 128.009400970563
3.09029543251368e+01 137.104168777162 127.795348670243
3.11410558444685e+01 137.062596688468 127.581692886577
3.13809918917522e+01 137.020786212193 127.368444573906
3.16227766016847e+01 136.978738317099 127.155614470757
3.18664242178682e+01 136.936454018203 126.943212991222
3.21119490936492e+01 136.893934237882 126.731251436321
3.23593656929638e+01 136.851180075087 126.519739635215
3.26086885911903e+01 136.808192543754 126.308688226743
3.28599324760075e+01 136.764972714964 126.098107409472
3.31131121482601e+01 136.721521671983 125.888007331272
3.33682425228304e+01 136.677840544867 125.678397769758
3.36253386295173e+01 136.63393044017 125.469288765613
3.38844156139213e+01 136.589792517933 125.260689915023
3.41454887383370e+01 136.545427926186 125.05261096629
3.44085733826524e+01 136.500837868535 124.845061187403
3.46736850452542e+01 136.456023528645 124.638050063775
3.49408393439417e+01 136.410986151412 124.431586530187
3.52100520168462e+01 136.365726939777 124.225679941759
3.54813389233586e+01 136.320247181594 124.02033885998
3.57547160450632e+01 136.274548129713 123.815572193786
3.60301994866796e+01 136.228631063164 123.611388609206
3.63078054770112e+01 136.182497286272 123.407796530232
3.65875503699014e+01 136.13614811733 123.204804240886
3.68694506451969e+01 136.089584898293 123.002419782674
3.71535229097184e+01 136.042808957217 122.800651327618
3.74397838982393e+01 135.995821638828 122.599506869472
3.77282504744711e+01 135.948624333321 122.398993921366
3.80189396320573e+01 135.90121839336 122.199120357381
3.83118684955740e+01 135.853605254257 121.999893168223
3.86070543215393e+01 135.805786291362 121.801319939149
3.89045144994293e+01 135.757762935248 121.603407641103
3.92042665527027e+01 135.709536591775 121.406163464837
3.95063281398336e+01 135.661108726107 121.209593925753
3.98107170553510e+01 135.612480757056 121.01370598919
4.01174512308875e+01 135.563654148726 120.818506076755
4.04265487362357e+01 135.514630364467 120.624000564643
4.07380277804125e+01 135.465410889622 120.430195519483
4.10519067127321e+01 135.415997201914 120.237097026685
4.13682040238864e+01 135.366390766125 120.044711251893
4.16869383470348e+01 135.316593093671 119.853043761362
4.20081284589020e+01 135.266605684578 119.662100171837
4.23317932808834e+01 135.216430036032 119.471886050499
4.26579518801606e+01 135.166067680791 119.282406470037
4.29866234708241e+01 135.115520106785 119.093666931643
4.33178274150055e+01 135.064788868831 118.905672064306
4.36515832240180e+01 135.013875463573 118.718427081484
4.39879105595057e+01 134.962781444445 118.531936424603
4.43268292346023e+01 134.911508336124 118.346204771735
4.46683592150977e+01 134.860057668754 118.161236627191
4.50125206206148e+01 134.80843099531 117.977036108156
4.53593337257942e+01 134.756629862458 117.79360728725
4.57088189614890e+01 134.704655808397 117.610954222605
4.60609969159681e+01 134.652510365698 117.429080926206
4.64158883361293e+01 134.600195101524 117.247990845835
4.67735141287213e+01 134.547711568489 117.067687480276
4.71338953615756e+01 134.49506129342 116.888174526072
4.74970532648471e+01 134.442245852191 116.70945491367
4.78630092322654e+01 134.389266773498 116.531532044422
4.82317848223946e+01 134.336125619416 116.354408738825
4.86034017599038e+01 134.282823930494 116.178087958322
4.89778819368462e+01 134.229363258869 116.002572357458
4.93552474139497e+01 134.175745146191 115.827864583631
4.97355204219156e+01 134.121971144635 115.653966982568
5.01187233627289e+01 134.068042795063 115.480881894371
5.05048788109775e+01 134.013961633606 115.308611565694
5.08940095151826e+01 133.95972920778 115.137157920167
5.12861383991382e+01 133.905347032958 114.966523164924
5.16812885632621e+01 133.850816671632 114.796708672654
5.20794832859564e+01 133.796139625716 114.627716500699
5.24807460249790e+01 133.741317429243 114.459548077209
5.28851004188256e+01 133.686351599954 114.292204888051
5.32925702881218e+01 133.631243666103 114.125688082859
5.37031796370271e+01 133.575995126172 113.959999065184
5.41169526546482e+01 133.520607507567 113.795138629343
5.45339137164646e+01 133.465082296601 113.631107989889
5.49540873857643e+01 133.409420998217 113.467907895661
5.53774984150908e+01 133.353625109646 113.305539021565
5.58041717477015e+01 133.29769611307 113.144002076669
5.62341325190368e+01 133.241635491466 112.983297559693
5.66674060582010e+01 133.185444721805 112.823425872154
5.71040178894546e+01 133.129125279309 112.664387238152
5.75439937337177e+01 133.072678628862 112.506181840915
5.79873595100851e+01 133.01610621546 112.348809981396
5.84341413373538e+01 132.959409506728 112.192271392354
5.88843655355609e+01 132.902589944676 112.036566008344
5.93380586275348e+01 132.845648964249 111.881693674854
5.97952473404573e+01 132.788587996097 111.727654097635
6.02559586074379e+01 132.731408472456 111.574446743286
6.07202195691009e+01 132.67411179606 111.422071354351
6.11880575751843e+01 132.616699401797 111.270526928803
6.16595001861504e+01 132.559172664576 111.119813249164
6.21345751748097e+01 132.501533009881 110.96992903366
6.26133105279574e+01 132.443781796941 110.820873905997
6.30957344480215e+01 132.385920419481 110.672646686639
6.35818753547245e+01 132.327950250973 110.52524632556
6.40717618867576e+01 132.26987265047 110.378671799092
6.45654229034678e+01 132.211688981275 110.232921793667
6.50628874865580e+01 132.153400586853 110.087995124104
6.55641849418002e+01 132.095008805951 109.943890464321
6.60693448007619e+01 132.036514976721 109.800606280313
6.65783968225460e+01 131.977920420167 109.658141119908
6.70913709955435e+01 131.91922645116 109.516493421551
6.76082975392006e+01 131.860434379413 109.375661493374
6.81292069057985e+01 131.801545502914 109.23564363321
6.86541297822479e+01 131.742561103393 109.096438221868
6.91830970918961e+01 131.683482481713 108.958043050651
6.97161399963492e+01 131.624310898818 108.820456439923
7.02532898973077e+01 131.565047615244 108.683676492999
7.07945784384163e+01 131.505693904868 108.547700831161
7.13400375071282e+01 131.446250995871 108.412527733663
7.18896992365833e+01 131.386720146694 108.278154662512
7.24435960075016e+01 131.327102578749 108.144579577577
7.30017604500904e+01 131.267399512477 108.011800235991
7.35642254459668e+01 131.207612159132 107.879814351745
7.41310241300944e+01 131.147741742486 107.748619160523
7.47021898927359e+01 131.087789435811 107.618212692768
7.52777563814194e+01 131.02775644509 107.488592088348
7.58577575029211e+01 130.967643939527 107.359755017665
7.64422274252628e+01 130.907453091793 107.23169885529
7.70312005797243e+01 130.847185071371 107.104420816411
7.76247116628720e+01 130.786841019679 106.977918488123
7.82227956386031e+01 130.726422095785 106.852188855317
7.88254877402050e+01 130.66592943562 106.72722917201
7.94328234724311e+01 130.60536416347 106.60303672612
8.00448386135921e+01 130.544727400456 106.479608653505
8.06615692176643e+01 130.484020262385 106.356941983644
8.12830516164129e+01 130.423243851513 106.235033825671
8.19093224215328e+01 130.362399264951 106.113881184825
8.25404185268049e+01 130.30148759712 105.993480905901
8.31763771102702e+01 130.240509914282 105.873830254986
8.38172356364193e+01 130.179467304058 105.754925800841
8.44630318584000e+01 130.11836081727 105.636764731245
8.51138038202408e+01 130.057191516376 105.519343762706
8.57695898590926e+01 129.995960453337 105.40265963929
8.64304286074868e+01 129.934668662438 105.286709305028
8.70963589956113e+01 129.873317184455 105.171489344028
8.77674202536039e+01 129.811907040555 105.056996600069
8.84436519138633e+01 129.750439246927 104.943227828618
8.91250938133779e+01 129.688914819422 104.830179587882
8.98117860960729e+01 129.627334755058 104.717848692517
9.05037692151746e+01 129.565700057409 104.60623159531
9.12010839355944e+01 129.504011714339 104.495324932054
9.19037713363294e+01 129.44227069959 104.38512549816
9.26118728128829e+01 129.380477990866 104.27562979002
9.33254300797027e+01 129.318634566761 104.166834088022
9.40444851726388e+01 129.256741378298 104.058735179432
9.47690804514196e+01 129.194799379833 103.951329578002
9.54992586021473e+01 129.132809525094 103.844613621733
9.62350626398126e+01 129.070772748347 103.738583970457
9.69765359108287e+01 129.008689989667 103.63323695128
9.77237220955848e+01 128.94656217581 103.528569054168
9.84766652110196e+01 128.884390226261 103.424576790265
9.92354096132139e+01 128.822175062339 103.321256434902
1.00000000000004e+02 128.759917590513 103.21860449467
1.00770481413614e+02 128.697618716346 103.116617329487
1.01546899243312e+02 128.635279337 103.015291358796
1.02329299228079e+02 128.572900348439 102.91462286054
1.03117727459310e+02 128.510482636276 102.814608241242
1.03912230383521e+02 128.448027079572 102.715243933836
1.04712854805094e+02 128.385534556223 102.616526233924
1.05519647889028e+02 128.323005939093 102.518451435608
1.06332657163720e+02 128.260442095134 102.4210158308
1.07151930523765e+02 128.197843877901 102.324215966758
1.07977516232775e+02 128.135212152637 102.228047892415
1.08809462926227e+02 128.072547765894 102.132508057349
1.09647819614323e+02 128.009851564504 102.037592767988
1.10492635684880e+02 127.947124391073 101.943298317043
1.11343960906241e+02 127.884367083347 101.849620999812
1.12201845430201e+02 127.821580477391 101.756557039087
1.13066339794968e+02 127.758765399173 101.664102830886
1.13937494928138e+02 127.69592267359 101.572254683047
1.14815362149693e+02 127.633053127561 101.481008713808
1.15699993175026e+02 127.570157571125 101.390361454902
1.16591440117988e+02 127.507236822365 101.300309069028
1.17489755493958e+02 127.444291692223 101.210847833286
1.18394992222935e+02 127.381322987959 101.121974033918
1.19307203632658e+02 127.318331514293 101.033683937972
1.20226443461746e+02 127.255318070674 100.945973880813
1.21152765862864e+02 127.192283456059 100.858840122025
1.22086225405912e+02 127.129228462021 100.772279075641
1.23026877081243e+02 127.066153884814 100.686286911189
1.23974776302899e+02 127.003060515451 100.600859884538
1.24929978911878e+02 126.939949137641 100.515994433578
1.25892541179422e+02 126.87682054038 100.431686730568
1.26862519810331e+02 126.813675503023 100.347933213125
1.27839971946308e+02 126.750514807334 100.264730181644
1.28824955169319e+02 126.687339238513 100.182073736492
1.29817527504990e+02 126.624149567478 100.099960444137
1.30817747426025e+02 126.560946572931 100.018386535112
1.31825673855646e+02 126.497731028876 99.9373483666587
1.32841366171071e+02 126.434503710304 99.8568422221345
1.33864884207005e+02 126.371265387135 99.7768645360964
1.34896288259171e+02 126.308016835038 99.6974115013829
1.35935639087858e+02 126.244758819656 99.6184796570146
1.36982997921503e+02 126.181492113082 99.5400652898387
1.38038426460294e+02 126.118217486074 99.4621647229656
1.39101986879811e+02 126.054935707604 99.3847743405883
1.40173741834683e+02 125.991647546122 99.3078905492944
1.41253754462281e+02 125.928353770243 99.2315097531916
1.42342088386440e+02 125.865055148494 99.1556283797833
1.43438807721203e+02 125.801752454095 99.0802426838586
1.44543977074599e+02 125.738446452449 99.0053492652891
1.45657661552452e+02 125.675137917042 98.9309444299368
1.46779926762213e+02 125.611827618907 98.8570246203409
1.47910838816827e+02 125.548516329719 98.78358630488
1.49050464338626e+02 125.485204823955 98.7106258950244
1.50198870463255e+02 125.421893875737 98.6381398651396
1.51356124843627e+02 125.358584261296 98.5661246937625
1.52522295653908e+02 125.295276759658 98.4945768057006
1.53697451593534e+02 125.231972150636 98.4234926785176
1.54881661891255e+02 125.168671213822 98.3528688986644
1.56074996309218e+02 125.105374735522 98.2827018640262
1.57277525147073e+02 125.042083501858 98.2129880951286
1.58489319246118e+02 124.978798300156 98.1437241757199
1.59710449993467e+02 124.915519923561 98.0749065631513
1.60940989326260e+02 124.852249164906 98.0065318688473
1.62181009735900e+02 124.788986824529 97.9385965150247
1.63430584272321e+02 124.725733699824 97.8710972197124
1.64689786548294e+02 124.66249059681 97.8040304589513
1.65958690743763e+02 124.599258325542 97.7373927230157
1.67237371610215e+02 124.536037694482 97.6711807497222
1.68525904475082e+02 124.472829520491 97.6053910845439
1.69824365246182e+02 124.409634623329 97.5400203500831
1.71132830416185e+02 124.34645382837 97.4750651299494
1.72451377067128e+02 124.283287965197 97.4105220222386
1.73780082874945e+02 124.220137866875 97.3463877121193
1.75119026114053e+02 124.157004372986 97.2826588166996
1.76468285661958e+02 124.093888327495 97.2193320199999
1.77827941003900e+02 124.030790580768 97.1564039505471
1.79198072237541e+02 123.967711987559 97.0938713342987
1.80578760077680e+02 123.904653409595 97.0317308331543
1.81970085861006e+02 123.841615715273 96.9699791075999
1.83372131550896e+02 123.778599778216 96.9086128757282
1.84784979742237e+02 123.715606478504 96.8476288735272
1.86208713666295e+02 123.652636703356 96.7870238359511
1.87643417195617e+02 123.589691348359 96.7267944308278
1.89089174848972e+02 123.526771313349 96.6669374991323
1.90546071796333e+02 123.463877509644 96.6074496827931
1.92014193863889e+02 123.40101085239 96.5483278340918
1.93493627539104e+02 123.338172267046 96.4895687127155
1.94984459975813e+02 123.275362687753 96.4311690352265
1.96486778999355e+02 123.212583054847 96.3731256700539
1.98000673111747e+02 123.149834320961 96.3154353060068
1.99526231496897e+02 123.087117443037 96.258094891916
2.01063544025858e+02 123.02443339143 96.2011011540356
2.02612701262123e+02 122.961783144279 96.1444509336338
2.04173794466962e+02 122.899167689782 96.0881410689873
2.05746915604793e+02 122.836588026049 96.0321684137503
2.07332157348605e+02 122.774045162138 95.9765297937358
2.08929613085413e+02 122.711540117631 95.9212220606806
2.10539376921765e+02 122.64907392179 95.8662421434139
2.12161543689278e+02 122.586647617792 95.8115868246174
2.13796208950233e+02 122.524262257215 95.7572530764425
2.15443469003198e+02 122.461918906133 95.7032377357939
2.17103420888705e+02 122.399618640626 95.6495377596073
2.18776162394965e+02 122.337362552579 95.5961499153608
2.20461792063629e+02 122.275151743087 95.5430712077607
2.22160409195591e+02 122.212987327194 95.4902985852638
2.23872113856844e+02 122.150870434678 95.4378289349142
2.25597006884368e+02 122.088802208673 95.3856591654837
2.27335189892073e+02 122.026783805634 95.333786255624
2.29086765276788e+02 121.964816397136 95.2822071408526
2.30851836224287e+02 121.902901169621 95.2309187711014
2.32630506715373e+02 121.841039325066 95.179918071626
2.34422881532003e+02 121.779232080101 95.1292020379147
2.36229066263457e+02 121.71748066835 95.0787676027424
2.38049167312562e+02 121.65578633861 95.028611776878
2.39883291901960e+02 121.59415035758 94.9787315025812
2.41731548080422e+02 121.53257400848 94.9291237623093
2.43594044729214e+02 121.471058591461 94.8797855855206
2.45470891568514e+02 121.409605426416 94.8307138837958
2.47362199163874e+02 121.348215849557 94.7819057144345
2.49268078932729e+02 121.28689121737 94.733358026196
2.51188643150970e+02 121.225632904952 94.685067831623
2.53124004959548e+02 121.164442306935 94.637032132676
2.55074278371148e+02 121.103320838887 94.5892479004439
2.57039578276898e+02 121.042269935268 94.541712219369
2.59020020453144e+02 120.981291053706 94.4944220214725
2.61015721568266e+02 120.92038567231 94.4473743246702
2.63026799189551e+02 120.859555291364 94.4005661393473
2.65053371790120e+02 120.79880143309 94.3539945177102
2.67095558755911e+02 120.738125644976 94.3076563528012
2.69153480392704e+02 120.67752949491 94.2615487887411
2.71227257933216e+02 120.617014577389 94.2156687632581
2.73317013544236e+02 120.55658251114 94.1700132722569
2.75422870333830e+02 120.496234939448 94.1245793411123
2.77544952358584e+02 120.435973531938 94.0793639709736
2.79683384630921e+02 120.375799984605 94.0343641596905
2.81838293126459e+02 120.315716020363 93.9895769088729
2.84009804791435e+02 120.255723390133 93.944999204614
2.86198047550184e+02 120.195823872642 93.9006280440466
2.88403150312674e+02 120.136019275986 93.8564604097651
2.90625242982100e+02 120.076311437542 93.812493283122
2.92864456462538e+02 120.016702225446 93.768723606545
2.95120922666653e+02 119.957193537905 93.7251483923303
2.97394774523475e+02 119.89778730544 93.6817645888182
2.99686145986227e+02 119.838485490691 93.6385691761886
3.01995172040216e+02 119.77929008953 93.5955590848948
3.04321988710787e+02 119.720203132165 93.5527312284583
3.06666733071333e+02 119.661226682612 93.5100825771487
3.09029543251374e+02 119.602362841512 93.4676099864751
3.11410558444691e+02 119.543613744319 93.4253104418874
3.13809918917528e+02 119.484981564136 93.3831808509927
3.16227766016853e+02 119.426468513013 93.3412180462759
3.18664242178689e+02 119.368076840642 93.2994189525923
3.21119490936498e+02 119.309808837401 93.2577803788064
3.23593656929644e+02 119.251666833561 93.216299219601
3.26086885911909e+02 119.193653201288 93.1749723192742
3.28599324760081e+02 119.135770356028 93.1337964444794
3.31131121482607e+02 119.078020755716 93.0927684462887
3.33682425228310e+02 119.020406903696 93.0518850984147
3.36253386295179e+02 118.962931348955 93.0111431556265
3.38844156139219e+02 118.905596687057 92.9705393763756
3.41454887383377e+02 118.848405561389 92.930070488787
3.44085733826530e+02 118.791360664388 92.8897332188752
3.46736850452549e+02 118.734464738823 92.8495242570491
3.49408393439424e+02 118.6777205793 92.8094402149856
3.52100520168469e+02 118.621131031912 92.7694777954543
3.54813389233593e+02 118.564698997827 92.7296335680345
3.57547160450639e+02 118.508427432717 92.6899041597414
3.60301994866803e+02 118.452319349155 92.6502860981164
3.63078054770119e+02 118.396377817321 92.610775945646
3.65875503699021e+02 118.340605967535 92.5713701506964
3.68694506451976e+02 118.285006989605 92.5320652794345
3.71535229097191e+02 118.229584137088 92.4928576897733
3.74397838982400e+02 118.174340726456 92.4537438147153
3.77282504744718e+02 118.119280140108 92.4147200206574
3.80189396320580e+02 118.064405827371 92.3757826334082
3.83118684955748e+02 118.009721306509 92.336927953277
3.86070543215401e+02 117.955230166104 92.2981522341019
3.89045144994300e+02 117.900936067371 92.2594516831934
3.92042665527035e+02 117.846842745161 92.2208224757269
3.95063281398344e+02 117.792954010978 92.1822607393714
3.98107170553517e+02 117.739273754271 92.1437625143823
4.01174512308883e+02 117.685805944141 92.1053238809526
4.04265487362365e+02 117.63255463215 92.0669407863653
4.07380277804133e+02 117.579523954114 92.0286091526482
4.10519067127329e+02 117.526718132581 91.9903248223278
4.13682040238872e+02 117.474141478332 91.9520836390172
4.16869383470357e+02 117.42179839378 91.913881321969
4.20081284589028e+02 117.369693374447 91.8757135937233
4.23317932808842e+02 117.317831012654 91.8375760417794
4.26579518801614e+02 117.266215998548 91.7994642631827
4.29866234708250e+02 117.214853124602 91.7613736997221
4.33178274150064e+02 117.163747286859 91.723299767303
4.36515832240188e+02 117.112903488376 91.6852378212788
4.39879105595066e+02 117.062326842598 91.6471830819118
4.43268292346032e+02 117.012022575359 91.6091307784819
4.46683592150986e+02 116.96199602957 91.571075934341
4.50125206206157e+02 116.912252666768 91.5330136044921
4.53593337257951e+02 116.862798071861 91.4949386708164
4.57088189614899e+02 116.813637956341 91.4568459170762
4.60609969159690e+02 116.764778161093 91.4187300922706
4.64158883361302e+02 116.716224661154 91.3805858062283
4.67735141287222e+02 116.667983569241 91.3424075235484
4.71338953615765e+02 116.620061139669 91.3041896652793
4.74970532648480e+02 116.572463772866 91.2659264668721
4.78630092322663e+02 116.525198019098 91.2276121004602
4.82317848223956e+02 116.478270583622 91.1892405639573
4.86034017599047e+02 116.431688331021 91.1508057546406
4.89778819368472e+02 116.385458289984 91.1123014183416
4.93552474139506e+02 116.339587658422 91.0737211624898
4.97355204219166e+02 116.29408380878 91.0350584351061
5.01187233627298e+02 116.248954293376 90.9963065287765
5.05048788109785e+02 116.204206849703 90.9574586086741
5.08940095151836e+02 116.159849406709 90.9185076166666
5.12861383991392e+02 116.11589009067 90.8794463526862
5.16812885632631e+02 116.072337231797 90.840267387204
5.20794832859574e+02 116.029199369486 90.8009632132282
5.24807460249800e+02 115.986485261236 90.7615259767426
5.28851004188266e+02 115.944203888339 90.7219477006566
5.32925702881229e+02 115.902364463129 90.6822201802185
5.37031796370281e+02 115.860976437294 90.6423349874793
5.41169526546492e+02 115.820049509862 90.602283431595
5.45339137164657e+02 115.77959363554 90.5620565703514
5.49540873857654e+02 115.739619032498 90.5216452477659
5.53774984150919e+02 115.700136192797 90.4810399864988
5.58041717477026e+02 115.661155890898 90.440231044262
5.62341325190379e+02 115.62268919382 90.399208429412
5.66674060582021e+02 115.584747471543 90.3579617467775
5.71040178894557e+02 115.547342407573 90.3164803359801
5.75439937337188e+02 115.510486010232 90.2747532078086
5.79873595100862e+02 115.474190624341 90.2327689961593
5.84341413373549e+02 115.438468943672 90.1905159588473
5.88843655355621e+02 115.403334023552 90.1479819620708
5.93380586275360e+02 115.368799294158 90.105154489988
5.97952473404584e+02 115.334878575195 90.0620205745375
6.02559586074390e+02 115.301586089826 90.0185667882741
6.07202195691021e+02 115.26893648028 89.9747792689253
6.11880575751855e+02 115.236944824681 89.9306436460612
6.16595001861515e+02 115.205626652746 89.8861450004999
6.21345751748109e+02 115.174997964848 89.8412679101794
6.26133105279587e+02 115.145075249433 89.7959963402153
6.30957344480227e+02 115.115875503445 89.7503136888586
6.35818753547257e+02 115.087416252863 89.7042026928476
6.40717618867588e+02 115.059715573063 89.6576454474068
6.45654229034691e+02 115.032792113615 89.6106232938018
6.50628874865593e+02 115.006665120236 89.5631168995584
6.55641849418015e+02 114.981354461014 89.5151060984988
6.60693448007632e+02 114.95688065259 89.4665699297153
6.65783968225473e+02 114.933264887785 89.4174865659097
6.70913709955448e+02 114.91052906579 89.367833203746
6.76082975392019e+02 114.888695821988 89.3175861639664
6.81292069057999e+02 114.867788561686 89.2667206755901
6.86541297822492e+02 114.847831494673 89.2152109189169
6.91830970918975e+02 114.828849670761 89.1630299018061
6.97161399963506e+02 114.81086901968 89.110149423214
7.02532898973091e+02 114.79391639097 89.0565400387857
7.07945784384177e+02 114.778019597709 89.0021708743215
7.13400375071296e+02 114.763207462571 88.9470096716188
7.18896992365847e+02 114.749509865627 88.8910225698392
7.24435960075030e+02 114.736957796502 88.834174145186
7.30017604500918e+02 114.72558340897 88.7764271996725
7.35642254459682e+02 114.71542007905 88.717742723045
7.41310241300959e+02 114.706502466381 88.6580796866375
7.47021898927373e+02 114.698866580608 88.5973950633559
7.52777563814208e+02 114.692549850837 88.5356434708604
7.58577575029226e+02 114.687591200049 88.4727772809399
7.64422274252643e+02 114.684031125438 88.4087462119121
7.70312005797258e+02 114.681911782036 88.3434973641286
7.76247116628735e+02 114.681277073635 88.2769748470486
7.82227956386046e+02 114.682172750465 88.2091196801037
7.88254877402066e+02 114.684646511841 88.13986958653
7.94328234724326e+02 114.688748117004 88.0691586848772
8.00448386135937e+02 114.694529504834 87.9969172485824
8.06615692176659e+02 114.702044921055 87.9230714075916
8.12830516164145e+02 114.711351054192 87.8475428724009
8.19093224215343e+02 114.722507184994 87.770248566196
8.25404185268065e+02 114.735575342711 87.691100211838
8.31763771102718e+02 114.750620477657 87.6100039860838
8.38172356364210e+02 114.767710643412 87.5268600659539
8.44630318584016e+02 114.786917197601 87.4415620319549
8.51138038202425e+02 114.808315015035 87.3539964525614
8.57695898590943e+02 114.831982721487 87.2640422387432
8.64304286074885e+02 114.858002944125 87.1715699084651
8.70963589956130e+02 114.886462586553 87.0764410053613
8.77674202536056e+02 114.917453124529 86.9785071023919
8.84436519138650e+02 114.951070927689 86.8776090694796
8.91250938133796e+02 114.987417614385 86.7735759718753
8.98117860960746e+02 115.026600431219 86.6662240426358
9.05037692151764e+02 115.068732674836 86.5553553103225
9.12010839355962e+02 115.113934148998 86.440756325698
9.19037713363312e+02 115.162331666681 86.3221966380865
9.26118728128847e+02 115.214059600042 86.1994269151023
9.33254300797045e+02 115.269260487396 86.0721771280564
9.40444851726406e+02 115.328085698626 85.9401542570197
9.47690804514214e+02 115.390696171103 85.8030398403223
9.54992586021491e+02 115.457263221752 85.6604871430196
9.62350626398144e+02 115.527969445393 85.5121179124569
9.69765359108305e+02 115.60300971404 85.3575188247993
9.77237220955867e+02 115.682592283969 85.1962372581397
9.84766652110215e+02 115.76694003044 85.0277764492936
9.92354096132158e+02 115.856291825249 84.8515902228216
1.00000000000006e+03 115.950904077375 84.6670764425681
1.00770481413616e+03 116.051052460566 84.4735698512278
1.01546899243314e+03 116.157033852782 84.2703335631887
1.02329299228081e+03 116.269168523501 84.0565492445514
1.03117727459312e+03 116.387802598391 83.8313055259239
1.03912230383523e+03 116.513310854275 83.5935845533671
1.04712854805096e+03 116.646099886409 83.3422459799757
1.05519647889030e+03 116.786611715693 83.0760082080494
1.06332657163722e+03 116.935327897554 82.793425827396
1.07151930523767e+03 117.092774230753 82.492862999649
1.07977516232777e+03 117.259526144336 82.1724610725949
1.08809462926229e+03 117.436214907084 81.8300998749549
1.09647819614325e+03 117.623534768277 81.463350479397
1.10492635684882e+03 117.822251222456 81.0694173983337
1.11343960906243e+03 118.033210561253 80.6450677542592
1.12201845430203e+03 118.257350971093 80.1865433662407
1.13066339794971e+03 118.495715395337 79.6894512778393
1.13937494928140e+03 118.749466483717 79.1486259102345
1.14815362149695e+03 119.019903927187 78.5579548174578
1.15699993175028e+03 119.308484498632 77.9101557338976
1.16591440117990e+03 119.616845090475 77.1964894028201
1.17489755493960e+03 119.946828884011 76.4063858551977
1.18394992222937e+03 120.300514523928 75.526953207197
1.19307203632660e+03 120.68024752812 74.5423259459596
1.20226443461748e+03 121.0886719518 73.4327902353266
1.21152765862866e+03 121.528757977677 72.1735990337801
1.22086225405914e+03 122.003816641264 70.7333504112093
1.23026877081245e+03 122.51748445872 69.0717487701978
1.23974776302902e+03 123.073644619814 67.1364959204308
1.24929978911881e+03 123.676221092588 64.858970834181
1.25892541179424e+03 124.328724221943 62.1482783889171
1.26862519810334e+03 125.033319243921 58.8832893661429
1.27839971946310e+03 125.788997354521 54.902760614216
1.28824955169321e+03 126.588122286977 49.9953699201927
1.29817527504993e+03 127.410278743911 43.8965131432949
1.30817747426027e+03 128.21252096068 36.310426354991
1.31825673855649e+03 128.917745481724 26.9952307678417
1.32841366171073e+03 129.411421113826 15.951268713631
1.33864884207007e+03 129.568134576787 3.66127745930372
1.34896288259174e+03 129.315322630105 -8.87591552259886
1.35935639087861e+03 128.684115786153 -20.5414248045695
1.36982997921505e+03 127.786371092175 -30.6133802458964
1.38038426460297e+03 126.74696652643 -38.9121161765825
1.39101986879814e+03 125.659664871955 -45.6059020260647
1.40173741834686e+03 124.580601535857 -50.9833962393116
1.41253754462284e+03 123.538359186152 -55.3276996933301
1.42342088386443e+03 122.545049401358 -58.873221024548
1.43438807721205e+03 121.603943789937 -61.8013934196602
1.44543977074602e+03 120.713927714286 -64.249088889092
1.45657661552455e+03 119.871908471299 -66.3189418548333
1.46779926762216e+03 119.074061375494 -68.0881927434216
1.47910838816830e+03 118.316450024442 -69.6154569831619
1.49050464338629e+03 117.595318116407 -70.9456843659895
1.50198870463258e+03 116.907211900657 -72.1137352502319
1.51356124843630e+03 116.249017075532 -73.1469527408269
1.52522295653911e+03 115.617954040258 -74.0670206101359
1.53697451593537e+03 115.011554313184 -74.8913155735059
1.54881661891258e+03 114.427629879741 -75.6339009464817
1.56074996309221e+03 113.864241325253 -76.3062641552307
1.57277525147076e+03 113.319667571494 -76.9178698579991
1.58489319246121e+03 112.792378383613 -77.4765791937274
1.59710449993470e+03 112.281010010426 -77.9889706113228
1.60940989326263e+03 111.784343902004 -78.4605876753848
1.62181009735903e+03 111.301288262353 -78.8961324887823
1.63430584272324e+03 110.830862128746 -79.2996176963736
1.64689786548297e+03 110.372181659656 -79.6744871670423
1.65958690743766e+03 109.924448320797 -80.0237122992749
1.67237371610218e+03 109.486938707647 -80.3498697390549
1.68525904475086e+03 109.058995758685 -80.655204230156
1.69824365246185e+03 108.640021158597 -80.9416800334116
1.71132830416189e+03 108.229468752916 -81.2110231098854
1.72451377067131e+03 107.826838826639 -81.4647559312481
1.73780082874948e+03 107.431673121293 -81.7042264404065
1.75119026114057e+03 107.043550481556 -81.9306322526747
1.76468285661961e+03 106.662083045211 -82.1450408673429
1.77827941003903e+03 106.286912896106 -82.3484068541503
1.79198072237545e+03 105.917709118865 -82.5415862656273
1.80578760077683e+03 105.554165199381 -82.7253490283821
1.81970085861010e+03 105.195996724307 -82.9003894377539
1.83372131550900e+03 104.84293934055 -83.0673351730969
1.84784979742241e+03 104.494746941711 -83.2267551028822
1.86208713666299e+03 104.151190050863 -83.3791659638279
1.87643417195620e+03 103.812054376271 -83.5250381937728
1.89089174848976e+03 103.47713951897 -83.6648009765241
1.90546071796337e+03 103.146257812231 -83.7988466749758
1.92014193863892e+03 102.819233279051 -83.9275346638948
1.93493627539108e+03 102.4959006924 -84.0511947290885
1.94984459975817e+03 102.176104727655 -84.1701300377446
1.96486778999359e+03 101.859699195378 -84.2846197751629
1.98000673111751e+03 101.546546346952 -84.3949214532913
1.99526231496901e+03 101.236516243681 -84.5012729776914
2.01063544025862e+03 100.929486183622 -84.6038944742655
2.02612701262127e+03 100.625340179812 -84.7029899157887
2.04173794466966e+03 100.323968483826 -84.7987485817097
2.05746915604797e+03 100.025267150679 -84.8913463358127
2.07332157348609e+03 99.7291376410939 -84.9809468247798
2.08929613085417e+03 99.4354864565325 -85.0677024914406
2.10539376921769e+03 99.1442248045658 -85.1517555316263
2.12161543689282e+03 98.8552682915353 -85.2332387379427
2.13796208950237e+03 98.5685366393648 -85.3122762585875
2.15443469003202e+03 98.2839534249773 -85.388984298453
2.17103420888709e+03 98.0014458398011 -85.4634717359511
2.18776162394969e+03 97.7209444676421 -85.5358406970802
2.20461792063633e+03 97.4423830792744 -85.6061870687542
2.22160409195596e+03 97.1656984423164 -85.6746009697018
2.23872113856848e+03 96.8908301449278 -85.741167172256
2.25597006884372e+03 96.6177204323342 -85.8059655041089
2.27335189892078e+03 96.3463140548471 -85.8690711900405
2.29086765276792e+03 96.0765581266904 -85.9305551958886
2.30851836224291e+03 95.8084019945137 -85.9904845097083
2.32630506715378e+03 95.5417971149256 -86.0489224294832
2.34422881532007e+03 95.2766969401977 -86.1059288053434
2.36229066263462e+03 95.0130568117714 -86.1615602795346
2.38049167312567e+03 94.7508338604847 -86.2158704898492
2.39883291901965e+03 94.4899869135049 -86.2689102747495
2.41731548080426e+03 94.2304764071982 -86.3207278525492
2.43594044729219e+03 93.9722643052331 -86.3713689826451
2.45470891568519e+03 93.7153140223271 -86.4208771284828
2.47362199163878e+03 93.459590352111 -86.4692935969515
2.49268078932734e+03 93.2050593998385 -86.5166576670165
2.51188643150975e+03 92.9516885189245 -86.5630067207249
2.53124004959553e+03 92.6994462513464 -86.6083763512713
2.55074278371153e+03 92.4483022715441 -86.6528004713564
2.57039578276903e+03 92.1982273335615 -86.6963114105348
2.59020020453149e+03 91.949193221249 -86.7389400083593
2.61015721568271e+03 91.7011727012791 -86.7807156970024
2.63026799189556e+03 91.4541394788664 -86.8216665865416
2.65053371790126e+03 91.2080681559027 -86.8618195323316
2.67095558755916e+03 90.9629341913478 -86.9012002057022
2.69153480392709e+03 90.7187138638937 -86.9398331676648
2.71227257933221e+03 90.4753842365531 -86.9777419147684
2.73317013544242e+03 90.2329231231667 -87.0149489456791
2.75422870333835e+03 89.9913090566857 -87.0514758128523
2.77544952358589e+03 89.7505212590711 -87.0873431710025
2.79683384630926e+03 89.5105396128187 -87.1225708225635
2.81838293126464e+03 89.2713446338464 -87.1571777641177
2.84009804791440e+03 89.0329174458238 -87.1911822245794
2.86198047550190e+03 88.7952397558215 -87.2246017075681
2.88403150312680e+03 88.5582938310397 -87.2574530246884
2.90625242982106e+03 88.3220624767987 -87.2897523296568
2.92864456462543e+03 88.0865290155622 -87.321515150679
2.95120922666658e+03 87.851677266982 -87.352756425238
2.97394774523481e+03 87.6174915288552 -87.383490519487
2.99686145986233e+03 87.3839565590258 -87.4137312637173
3.01995172040222e+03 87.1510575581266 -87.443491971847
3.04321988710793e+03 86.9187801531258 -87.4727854724394
3.06666733071339e+03 86.6871103815887 -87.5016241212663
3.09029543251380e+03 86.4560346767252 -87.5300198325313
3.11410558444697e+03 86.2255398530524 -87.5579840927471
3.13809918917534e+03 85.9956130927361 -87.5855279830003
3.16227766016859e+03 85.7662419325116 -87.6126621931965
3.18664242178695e+03 85.5374142512261 -87.6393970473829
3.21119490936504e+03 85.3091182578501 -87.665742509944
3.23593656929650e+03 85.0813424800764 -87.6917082081089
3.26086885911915e+03 84.8540757533681 -87.7173034433756
3.28599324760088e+03 84.627307210495 -87.742537206881
3.31131121482614e+03 84.4010262714868 -87.7674181911971
3.33682425228317e+03 84.1752226340217 -87.7919548036113
3.36253386295186e+03 83.9498862642134 -87.8161551787504
3.38844156139226e+03 83.7250073877742 -87.8400271884299
3.41454887383383e+03 83.5005764815257 -87.8635784531397
3.44085733826537e+03 83.2765842652804 -87.8868163520262
3.46736850452555e+03 83.0530216940134 -87.9097480330236
3.49408393439431e+03 82.8298799503754 -87.9323804214427
3.52100520168476e+03 82.6071504374888 -87.954720229297
3.54813389233600e+03 82.3848247720239 -87.9767739640091
3.57547160450646e+03 82.1628947775376 -87.9985479357303
3.60301994866810e+03 81.9413524780976 -88.0200482650441
3.63078054770126e+03 81.7201900921063 -88.041280890494
3.65875503699028e+03 81.4994000263972 -88.0622515760524
3.68694506451983e+03 81.2789748705325 -88.0829659158471
3.71535229097198e+03 81.0589073913281 -88.1034293436163
3.74397838982407e+03 80.8391905275527 -88.1236471358182
3.77282504744726e+03 80.6198173848743 -88.14362441898
3.80189396320588e+03 80.400781230924 -88.1633661744334
3.83118684955755e+03 80.1820754905998 -88.1828772441931
3.86070543215408e+03 79.9636937415073 -88.202162337261
3.89045144994308e+03 79.7456297095567 -88.2212260304302
3.92042665527043e+03 79.5278772647467 -88.2400727772621
3.95063281398351e+03 79.3104304170651 -88.2587069105662
3.98107170553525e+03 79.0932833125595 -88.2771326468671
4.01174512308890e+03 78.8764302295139 -88.2953540900568
4.04265487362373e+03 78.6598655747884 -88.3133752360785
4.07380277804141e+03 78.4435838802693 -88.3311999769585
4.10519067127337e+03 78.2275797994267 -88.3488321024994
4.13682040238880e+03 78.0118481040216 -88.3662753058695
4.16869383470365e+03 77.7963836808868 -88.3835331857147
4.20081284589036e+03 77.5811815288463 -88.4006092500487
4.23317932808851e+03 77.3662367557078 -88.417506918233
4.26579518801623e+03 77.1515445753806 -88.4342295250936
4.29866234708258e+03 76.9371003050694 -88.4507803229594
4.33178274150072e+03 76.7228993625621 -88.4671624844693
4.36515832240197e+03 76.5089372636177 -88.4833791063439
4.39879105595074e+03 76.2952096194137 -88.4994332088736
4.43268292346040e+03 76.0817121341019 -88.5153277424278
4.46683592150995e+03 75.8684406024169 -88.5310655860553
4.50125206206165e+03 75.6553909073774 -88.5466495517132
4.53593337257960e+03 75.4425590180503 -88.5620823866483
4.57088189614907e+03 75.2299409873849 -88.577366773465
4.60609969159699e+03 75.0175329501157 -88.5925053346312
4.64158883361311e+03 74.805331120728 -88.6075006323519
4.67735141287231e+03 74.5933317914871 -88.622355171646
4.71338953615774e+03 74.3815313305213 -88.6370714015618
4.74970532648489e+03 74.1699261799705 -88.6516517166977
4.78630092322672e+03 73.9585128541852 -88.6660984598565
4.82317848223965e+03 73.7472879379789 -88.6804139220336
4.86034017599056e+03 73.5362480849327 -88.6946003454805
4.89778819368481e+03 73.3253900157511 -88.7086599244305
4.93552474139516e+03 73.1147105166608 -88.7225948062069
4.97355204219175e+03 72.9042064378615 -88.7364070936528
5.01187233627308e+03 72.6938746920206 -88.7500988455225
5.05048788109795e+03 72.4837122528039 -88.7636720777176
5.08940095151845e+03 72.273716153458 -88.7771287653775
5.12861383991402e+03 72.063883485426 -88.7904708434218
5.16812885632641e+03 71.8542113970037 -88.8037002076708
5.20794832859584e+03 71.6446970920343 -88.816818716146
5.24807460249810e+03 71.4353378286393 -88.8298281905058
5.28851004188276e+03 71.2261309179823 -88.8427304161878
5.32925702881239e+03 71.0170737230689 -88.855527144345
5.37031796370292e+03 70.8081636575796 -88.868220091918
5.41169526546503e+03 70.5993981847322 -88.8808109435755
5.45339137164667e+03 70.3907748161763 -88.8933013519235
5.49540873857664e+03 70.1822911109188 -88.9056929384627
5.53774984150930e+03 69.9739446742743 -88.9179872949216
5.58041717477037e+03 69.7657331568476 -88.9301859831625
5.62341325190390e+03 69.5576542535402 -88.9422905370493
5.66674060582032e+03 69.3497057025835 -88.9543024624745
5.71040178894568e+03 69.1418852845989 -88.9662232381548
5.75439937337199e+03 68.9341908216796 -88.9780543170245
5.79873595100873e+03 68.726620176498 -88.9897971259566
5.84341413373560e+03 68.5191712514361 -89.0014530673205
5.88843655355632e+03 68.3118419877374 -89.013023519054
5.93380586275371e+03 68.1046303646792 -89.0245098355691
5.97952473404596e+03 67.8975343987695 -89.035913348271
6.02559586074402e+03 67.6905521429603 -89.0472353662574
6.07202195691033e+03 67.4836816858829 -89.0584771769426
6.11880575751867e+03 67.276921151101 -89.0696400463927
6.16595001861527e+03 67.0702686963833 -89.0807252199199
6.21345751748121e+03 66.8637225129933 -89.0917339229889
6.26133105279599e+03 66.6572808249972 -89.1026673612439
6.30957344480240e+03 66.450941888588 -89.1135267212476
6.35818753547270e+03 66.244703991427 -89.1243131710205
6.40717618867601e+03 66.0385654519997 -89.1350278603652
6.45654229034703e+03 65.8325246189891 -89.1456719213653
6.50628874865605e+03 65.6265798706627 -89.1562464689884
6.55641849418027e+03 65.4207296142741 -89.1667526012344
6.60693448007645e+03 65.2149722854801 -89.1771913997621
6.65783968225486e+03 65.0093063477704 -89.1875639302657
6.70913709955461e+03 64.8037302919098 -89.197871242797
6.76082975392032e+03 64.598242635397 -89.2081143724306
6.81292069058012e+03 64.3928419219316 -89.2182943390377
6.86541297822506e+03 64.1875267208966 -89.2284121483492
6.91830970918988e+03 63.9822956268516 -89.2384687919293
6.97161399963519e+03 63.7771472590378 -89.2484652473878
7.02532898973104e+03 63.5720802608946 -89.2584024791963
7.07945784384191e+03 63.3670932995865 -89.2682814385074
7.13400375071309e+03 63.162185065542 -89.2781030638324
7.18896992365861e+03 62.9573542720015 -89.2878682810612
7.24435960075044e+03 62.7525996545766 -89.2975780041444
7.30017604500933e+03 62.5479199708183 -89.3072331349937
7.35642254459696e+03 62.3433139997953 -89.3168345639177
7.41310241300973e+03 62.1387805416818 -89.3263831699957
7.47021898927388e+03 61.9343184173543 -89.3358798212941
7.52777563814223e+03 61.7299264679969 -89.3453253748925
7.58577575029241e+03 61.5256035547157 -89.354720677696
7.64422274252658e+03 61.3213485581616 -89.3640665660153
7.70312005797273e+03 61.1171603781612 -89.3733638663246
7.76247116628750e+03 60.9130379333554 -89.3826133952045
7.82227956386062e+03 60.7089801608465 -89.3918159597425
7.88254877402081e+03 60.5049860158526 -89.4009723577251
7.94328234724341e+03 60.3010544713686 -89.4100833777562
8.00448386135952e+03 60.0971845178358 -89.4191497995541
8.06615692176674e+03 59.8933751628175 -89.4281723942323
8.12830516164161e+03 59.689625430682 -89.4371519243128
8.19093224215359e+03 59.4859343622921 -89.4460891440713
8.25404185268081e+03 59.2823010147008 -89.4549847997448
8.31763771102734e+03 59.0787244608543 -89.4638396296812
8.38172356364226e+03 58.8752037892998 -89.4726543643615
8.44630318584033e+03 58.6717381039009 -89.4814297269498
8.51138038202441e+03 58.4683265235578 -89.4901664331315
8.57695898590959e+03 58.2649681819335 -89.4988651913911
8.64304286074902e+03 58.061662227186 -89.5075267032785
8.70963589956147e+03 57.8584078217058 -89.5161516634606
8.77674202536073e+03 57.6552041418581 -89.5247407599241
8.84436519138667e+03 57.4520503777317 -89.5332946740867
8.91250938133814e+03 57.2489457328915 -89.5418140810178
8.98117860960763e+03 57.0458894241367 -89.5502996495921
9.05037692151781e+03 56.8428806812641 -89.5587520425393
9.12010839355980e+03 56.6399187468356 -89.5671719167015
9.19037713363330e+03 56.4370028759504 -89.5755599230884
9.26118728128864e+03 56.2341323360223 -89.5839167070643
9.33254300797063e+03 56.031306406561 -89.5922429085154
9.40444851726424e+03 55.8285243789575 -89.6005391618144
9.47690804514232e+03 55.6257855562743 -89.6088060962162
9.54992586021509e+03 55.4230892530392 -89.6170443356837
9.62350626398163e+03 55.2204347950436 -89.6252544992958
9.69765359108324e+03 55.0178215191446 -89.6334372011654
9.77237220955886e+03 54.8152487730705 -89.6415930506254
9.84766652110234e+03 54.6127159152308 -89.6497226523577
9.92354096132177e+03 54.4102223145294 -89.6578266064844
1.00000000000008e+04 54.2077673501817 -89.6659055087055
1.00770481413618e+04 54.0053504115349 -89.673959950373
1.01546899243316e+04 53.8029708978921 -89.6819905186192
1.02329299228083e+04 53.6006282183395 -89.6899977964517
1.03117727459314e+04 53.3983217915768 -89.6979823628541
1.03912230383525e+04 53.1960510457515 -89.7059447928982
1.04712854805098e+04 52.9938154182953 -89.7138856578301
1.05519647889032e+04 52.7916143557647 -89.7218055251648
1.06332657163724e+04 52.5894473136835 -89.7297049588182
1.07151930523769e+04 52.3873137563896 -89.7375845191141
1.07977516232779e+04 52.1852131568829 -89.745444762954
1.08809462926231e+04 51.9831449966781 -89.7532862439085
1.09647819614327e+04 51.7811087656584 -89.7611095122249
1.10492635684885e+04 51.5791039619331 -89.7689151150018
1.11343960906245e+04 51.3771300916975 -89.7767035962343
1.12201845430205e+04 51.1751866690952 -89.7844754968808
1.13066339794973e+04 50.9732732160832 -89.7922313549501
1.13937494928143e+04 50.7713892622994 -89.7999717056424
1.14815362149697e+04 50.5695343449325 -89.8076970813493
1.15699993175030e+04 50.3677080085944 -89.8154080117402
1.16591440117992e+04 50.1659098051946 -89.8231050239036
1.17489755493962e+04 49.9641392938175 -89.8307886423417
1.18394992222940e+04 49.7623960406015 -89.8384593890883
1.19307203632663e+04 49.56067961862 -89.8461177837514
1.20226443461751e+04 49.3589896077653 -89.8537643436376
1.21152765862868e+04 49.1573255946343 -89.8613995837739
1.22086225405917e+04 48.9556871724158 -89.8690240169798
1.23026877081248e+04 48.7540739407805 -89.8766381539303
1.23974776302904e+04 48.5524855057726 -89.8842425032777
1.24929978911883e+04 48.3509214797035 -89.8918375716458
1.25892541179427e+04 48.1493814810472 -89.8994238637159
1.26862519810336e+04 47.9478651343377 -89.9070018823328
1.27839971946313e+04 47.7463720700685 -89.9145721284937
1.28824955169324e+04 47.5449019245932 -89.922135101465
1.29817527504995e+04 47.3434543400284 -89.9296912988304
1.30817747426030e+04 47.1420289641583 -89.9372412165447
1.31825673855651e+04 46.9406254503407 -89.9447853489722
1.32841366171076e+04 46.7392434574151 -89.952324188994
1.33864884207010e+04 46.5378826496116 -89.9598582280292
1.34896288259176e+04 46.3365426964625 -89.9673879560929
1.35935639087863e+04 46.1352232727144 -89.9749138618562
1.36982997921508e+04 45.9339240582427 -89.9824364327139
1.38038426460300e+04 45.7326447379669 -89.9899561548194
1.39101986879816e+04 45.5313850017677 -89.9974735131509
1.40173741834688e+04 45.3301445444058 -90.0049889915602
1.41253754462287e+04 45.1289230654415 -90.0125030728162
1.42342088386446e+04 44.9277202691559 -90.0200162386859
1.43438807721208e+04 44.7265358644741 -90.0275289699344
1.44543977074604e+04 44.5253695648885 -90.0350417464192
1.45657661552458e+04 44.3242210883848 -90.0425550471349
1.46779926762219e+04 44.1230901573678 -90.0500693502329
1.47910838816833e+04 43.92197649859 -90.0575851331052
1.49050464338632e+04 43.7208798430802 -90.0651028724012
1.50198870463261e+04 43.5197999260739 -90.0726230441073
1.51356124843633e+04 43.3187364869447 -90.0801461235716
1.52522295653914e+04 43.1176892691371 -90.0876725855472
1.53697451593540e+04 42.9166580201002 -90.0952029042501
1.54881661891261e+04 42.7156424912224 -90.1027375534096
1.56074996309224e+04 42.5146424377677 -90.1102770062956
1.57277525147080e+04 42.3136576188127 -90.1178217357784
1.58489319246124e+04 42.1126877971847 -90.1253722143583
1.59710449993473e+04 41.9117327394006 -90.1329289142227
1.60940989326267e+04 41.7107922156078 -90.1404923072907
1.62181009735906e+04 41.5098659995247 -90.1480628652375
1.63430584272327e+04 41.3089538683832 -90.1556410595582
1.64689786548300e+04 41.1080556028718 -90.1632273615943
1.65958690743770e+04 40.90717098708 -90.1708222425849
1.67237371610222e+04 40.7062998084427 -90.1784261737157
1.68525904475089e+04 40.5054418576868 -90.1860396261226
1.69824365246188e+04 40.3045969287777 -90.1936630709855
1.71132830416192e+04 40.103764818867 -90.2012969795357
1.72451377067134e+04 39.9029453282413 -90.2089418230937
1.73780082874952e+04 39.7021382602715 -90.2165980731294
1.75119026114060e+04 39.5013434213632 -90.2242662012883
1.76468285661965e+04 39.3005606209075 -90.2319466794263
1.77827941003907e+04 39.0997896712335 -90.2396399796663
1.79198072237548e+04 38.8990303875603 -90.2473465744182
1.80578760077687e+04 38.6982825879508 -90.2550669364306
1.81970085861013e+04 38.4975460932661 -90.2628015388205
1.83372131550903e+04 38.2968207271202 -90.2705508551169
1.84784979742244e+04 38.0961063158358 -90.2783153592965
1.86208713666302e+04 37.8954026884007 -90.2860955258188
1.87643417195624e+04 37.6947096764252 -90.2938918296724
1.89089174848980e+04 37.4940271140995 -90.301704746401
1.90546071796341e+04 37.2933548381525 -90.3095347521441
1.92014193863896e+04 37.0926926878111 -90.3173823236814
1.93493627539111e+04 36.8920405047598 -90.3252479384609
1.94984459975821e+04 36.6913981331014 -90.3331320746322
1.96486778999363e+04 36.4907654193179 -90.3410352110984
1.98000673111755e+04 36.2901422122327 -90.3489578275322
1.99526231496905e+04 36.0895283629725 -90.3569004044306
2.01063544025866e+04 35.8889237249306 -90.3648634231386
2.02612701262131e+04 35.6883281537303 -90.3728473658897
2.04173794466970e+04 35.4877415071894 -90.3808527158365
2.05746915604801e+04 35.2871636452843 -90.3888799570967
2.07332157348613e+04 35.0865944301161 -90.3969295747793
2.08929613085421e+04 34.8860337258756 -90.4050020550225
2.10539376921773e+04 34.6854813988106 -90.4130978850272
2.12161543689286e+04 34.4849373171921 -90.4212175530996
2.13796208950241e+04 34.2844013512819 -90.4293615486743
2.15443469003206e+04 34.083873373301 -90.4375303623615
2.17103420888714e+04 33.8833532573975 -90.4457244859709
2.18776162394974e+04 33.6828408796159 -90.4539444125547
2.20461792063637e+04 33.4823361178666 -90.462190636438
2.22160409195600e+04 33.2818388518955 -90.4704636532563
2.23872113856853e+04 33.0813489632549 -90.4787639599849
2.25597006884377e+04 32.880866335274 -90.4870920549803
2.27335189892082e+04 32.6803908530304 -90.4954484380113
2.29086765276797e+04 32.4799224033217 -90.5038336102896
2.30851836224296e+04 32.279460874638 -90.5122480745138
2.32630506715382e+04 32.0790061571343 -90.5206923348949
2.34422881532012e+04 31.8785581426038 -90.5291668971924
2.36229066263466e+04 31.6781167244513 -90.5376722687532
2.38049167312572e+04 31.4776817976669 -90.5462089585424
2.39883291901969e+04 31.2772532588006 -90.5547774771764
2.41731548080431e+04 31.0768310059371 -90.5633783369614
2.43594044729223e+04 30.8764149386704 -90.5720120519206
2.45470891568524e+04 30.6760049580797 -90.5806791378377
2.47362199163883e+04 30.4756009667052 -90.589380112285
2.49268078932739e+04 30.2752028685241 -90.5981154946582
2.51188643150979e+04 30.0748105689276 -90.6068858062128
2.53124004959558e+04 29.8744239746973 -90.6156915700968
2.55074278371158e+04 29.674042993983 -90.6245333113862
2.57039578276908e+04 29.4736675362801 -90.6334115571168
2.59020020453155e+04 29.2732975124074 -90.6423268363231
2.61015721568276e+04 29.072932834486 -90.6512796800697
2.63026799189561e+04 28.8725734159173 -90.660270621485
2.65053371790131e+04 28.6722191713623 -90.6693001957989
2.67095558755921e+04 28.4718700167207 -90.6783689403729
2.69153480392715e+04 28.2715258691107 -90.6874773947395
2.71227257933226e+04 28.0711866468488 -90.6966261006332
2.73317013544247e+04 27.8708522694299 -90.7058156020286
2.75422870333840e+04 27.6705226575081 -90.7150464451697
2.77544952358595e+04 27.4701977328768 -90.7243191786116
2.79683384630932e+04 27.2698774184506 -90.7336343532509
2.81838293126470e+04 27.0695616382461 -90.742992522362
2.84009804791446e+04 26.8692503173638 -90.7523942416298
2.86198047550195e+04 26.6689433819695 -90.7618400691897
2.88403150312686e+04 26.4686407592773 -90.7713305656595
2.90625242982112e+04 26.2683423775311 -90.7808662941749
2.92864456462549e+04 26.0680481659879 -90.7904478204234
2.95120922666664e+04 25.8677580549006 -90.8000757126851
2.97394774523486e+04 25.6674719755008 -90.8097505418612
2.99686145986238e+04 25.4671898599827 -90.8194728815158
3.01995172040228e+04 25.2669116414865 -90.8292433079081
3.04321988710799e+04 25.0666372540823 -90.8390624000276
3.06666733071345e+04 24.8663666327542 -90.8489307396348
3.09029543251386e+04 24.6660997133847 -90.8588489112905
3.11410558444703e+04 24.4658364327394 -90.8688175023985
3.13809918917540e+04 24.2655767284512 -90.8788371032365
3.16227766016865e+04 24.0653205390062 -90.8889083069966
3.18664242178701e+04 23.8650678037281 -90.8990317098197
3.21119490936510e+04 23.6648184627641 -90.9092079108329
3.23593656929656e+04 23.4645724570701 -90.9194375121853
3.26086885911922e+04 23.2643297283971 -90.9297211190855
3.28599324760094e+04 23.0640902192765 -90.9400593398391
3.31131121482620e+04 22.863853873007 -90.9504527858866
3.33682425228323e+04 22.6636206336404 -90.960902071838
3.36253386295192e+04 22.4633904459686 -90.9714078155127
3.38844156139232e+04 22.26316325551 -90.9819706379764
3.41454887383390e+04 22.0629390084969 -90.9925911635787
3.44085733826544e+04 21.862717651862 -91.0032700199911
3.46736850452562e+04 21.6624991332263 -91.0140078382446
3.49408393439437e+04 21.4622834008862 -91.0248052527693
3.52100520168483e+04 21.2620704038009 -91.0356629014313
3.54813389233607e+04 21.0618600915809 -91.0465814255723
3.57547160450653e+04 20.8616524144753 -91.0575614700462
3.60301994866817e+04 20.6614473233599 -91.068603683262
3.63078054770133e+04 20.461244769726 -91.0797087172191
3.65875503699036e+04 20.2610447056682 -91.0908772275476
3.68694506451990e+04 20.0608470838732 -91.1021098735488
3.71535229097205e+04 19.8606518576086 -91.1134073182337
3.74397838982414e+04 19.6604589807116 -91.1247702283622
3.77282504744733e+04 19.4602684075778 -91.136199274485
3.80189396320595e+04 19.2600800931506 -91.147695130982
3.83118684955763e+04 19.0598939929104 -91.1592584761029
3.86070543215416e+04 18.8597100628639 -91.1708899920086
3.89045144994315e+04 18.6595282595334 -91.1825903648108
3.92042665527050e+04 18.4593485399469 -91.1943602846139
3.95063281398359e+04 18.2591708616273 -91.206200445555
3.98107170553533e+04 18.0589951825829 -91.2181115458464
4.01174512308898e+04 17.8588214612967 -91.2300942878164
4.04265487362380e+04 17.6586496567171 -91.2421493779506
4.07380277804149e+04 17.4584797282476 -91.254277526935
4.10519067127345e+04 17.2583116357377 -91.2664794496975
4.13682040238888e+04 17.0581453394727 -91.2787558654504
4.16869383470373e+04 16.8579808001648 -91.2911074977324
4.20081284589044e+04 16.6578179789434 -91.3035350744525
4.23317932808859e+04 16.4576568373461 -91.3160393279319
4.26579518801631e+04 16.2574973373093 -91.328620994948
4.29866234708266e+04 16.0573394411591 -91.3412808167783
4.33178274150080e+04 15.8571831116028 -91.3540195392425
4.36515832240205e+04 15.6570283117196 -91.3668379127479
4.39879105595083e+04 15.4568750049518 -91.3797366923334
4.43268292346049e+04 15.2567231550965 -91.3927166377136
4.46683592151003e+04 15.0565727262966 -91.4057785133235
4.50125206206174e+04 14.8564236830324 -91.418923088363
4.53593337257968e+04 14.6562759901132 -91.4321511368437
4.57088189614916e+04 14.4561296126692 -91.4454634376323
4.60609969159708e+04 14.2559845161425 -91.4588607744974
4.64158883361320e+04 14.0558406662797 -91.4723439361553
4.67735141287240e+04 13.8556980291234 -91.4859137163163
4.71338953615783e+04 13.6555565710038 -91.4995709137305
4.74970532648499e+04 13.4554162585316 -91.5133163322353
4.78630092322682e+04 13.2552770585892 -91.5271507808016
4.82317848223974e+04 13.0551389383233 -91.5410750735824
4.86034017599066e+04 12.855001865137 -91.5550900299585
4.89778819368491e+04 12.654865806682 -91.5691964745877
4.93552474139525e+04 12.4547307308511 -91.5833952374524
4.97355204219185e+04 12.2545966057705 -91.5976871539076
5.01187233627318e+04 12.0544633997923 -91.6120730647301
5.05048788109805e+04 11.8543310814868 -91.6265538161673
5.08940095151855e+04 11.6541996196352 -91.6411302599864
5.12861383991412e+04 11.4540689832225 -91.6558032535233
5.16812885632651e+04 11.2539391414295 -91.6705736597333
5.20794832859594e+04 11.0538100636261 -91.6854423472406
5.24807460249821e+04 10.8536817193638 -91.700410190389
5.28851004188286e+04 10.6535540783684 -91.7154780692922
5.32925702881249e+04 10.4534271105331 -91.7306468698852
5.37031796370302e+04 10.2533007859112 -91.7459174839753
5.41169526546513e+04 10.053175074709 -91.7612908092936
5.45339137164678e+04 9.85304994727883 -91.7767677495475
5.49540873857675e+04 9.652925374112 -91.7923492144719
5.53774984150941e+04 9.45280132583187 -91.808036119883
5.58041717477048e+04 9.25267777318687 -91.8238293877298
5.62341325190401e+04 9.05255468704361 -91.8397299461485
5.66674060582043e+04 8.85243203837996 -91.855738729515
5.71040178894580e+04 8.65230979827823 -91.8718566784993
5.75439937337210e+04 8.45218793791832 -91.8880847401196
5.79873595100885e+04 8.25206642857095 -91.9044238677963
5.84341413373571e+04 8.05194524159079 -91.9208750214075
5.88843655355643e+04 7.85182434840982 -91.9374391673438
5.93380586275383e+04 7.6517037205305 -91.9541172785634
5.97952473404607e+04 7.45158332951906 -91.9709103346484
6.02559586074413e+04 7.25146314699885 -91.9878193218613
6.07202195691045e+04 7.05134314464353 -92.0048452332005
6.11880575751879e+04 6.8512232941705 -92.0219890684579
6.16595001861539e+04 6.65110356733421 -92.0392518342758
6.21345751748133e+04 6.45098393591943 -92.0566345442048
6.26133105279611e+04 6.25086437173468 -92.0741382187612
6.30957344480252e+04 6.05074484660556 -92.0917638854858
6.35818753547282e+04 5.85062533236808 -92.1095125790019
6.40717618867613e+04 5.65050580086209 -92.1273853410749
6.45654229034716e+04 5.45038622392455 -92.1453832206714
6.50628874865618e+04 5.25026657338303 -92.163507274019
6.55641849418040e+04 5.05014682104894 -92.1817585646661
6.60693448007658e+04 4.85002693871096 -92.2001381635427
6.65783968225499e+04 4.64990689812844 -92.2186471490211
6.70913709955474e+04 4.44978667102467 -92.2372866069772
6.76082975392045e+04 4.24966622908027 -92.2560576308519
6.81292069058025e+04 4.0495455439265 -92.2749613217133
6.86541297822519e+04 3.84942458713865 -92.2939987883192
6.91830970919001e+04 3.6493033302293 -92.313171147179
6.97161399963533e+04 3.44918174464162 -92.3324795226181
7.02532898973118e+04 3.24905980174267 -92.3519250468405
7.07945784384204e+04 3.04893747281669 -92.3715088599928
7.13400375071323e+04 2.84881472905834 -92.3912321102292
7.18896992365875e+04 2.64869154156589 -92.4110959537753
7.24435960075058e+04 2.44856788133449 -92.4311015549938
7.30017604500947e+04 2.24844371924932 -92.45125008645
7.35642254459711e+04 2.04831902607875 -92.4715427289775
7.41310241300987e+04 1.84819377246754 -92.4919806717444
7.47021898927402e+04 1.64806792892987 -92.5125651123205
7.52777563814237e+04 1.44794146584243 -92.5332972567442
7.58577575029256e+04 1.24781435343752 -92.5541783195901
7.64422274252673e+04 1.04768656179604 -92.5752095240367
7.70312005797287e+04 0.847558060840406 -92.5963921019352
7.76247116628765e+04 0.647428820327631 -92.6177272938784
7.82227956386077e+04 0.447298809842127 -92.6392163492693
7.88254877402096e+04 0.247167998788598 -92.6608605263914
7.94328234724357e+04 0.0470363563848949 -92.6826610924787
8.00448386135968e+04 -0.15309614834523 -92.7046193237856
8.06615692176690e+04 -0.353229546579352 -92.7267365056589
8.12830516164177e+04 -0.553363869703712 -92.7490139326082
8.19093224215375e+04 -0.753499149320522 -92.7714529083784
8.25404185268097e+04 -0.95363541725541 -92.7940547460215
8.31763771102750e+04 -1.15377270556481 -92.8168207679694
8.38172356364242e+04 -1.35391104654358 -92.8397523061075
8.44630318584049e+04 -1.55405047273238 -92.8628507018473
8.51138038202458e+04 -1.7541910169255 -92.8861173062016
8.57695898590976e+04 -1.95433271217833 -92.9095534798577
8.64304286074918e+04 -2.15447559181522 -92.9331605932535
8.70963589956164e+04 -2.35461968943722 -92.9569400266519
8.77674202536090e+04 -2.55476503892995 -92.9808931702174
8.84436519138684e+04 -2.75491167447151 -93.0050214240916
8.91250938133831e+04 -2.95505963054049 -93.0293261984705
8.98117860960781e+04 -3.15520894192394 -93.0538089136813
9.05037692151799e+04 -3.35535964372563 -93.0784710002603
9.12010839355997e+04 -3.55551177137414 -93.1033138990307
9.19037713363348e+04 -3.75566536063117 -93.1283390611814
9.26118728128883e+04 -3.95582044759987 -93.1535479483458
9.33254300797081e+04 -4.15597706873328 -93.1789420326814
9.40444851726442e+04 -4.35613526084285 -93.2045227969496
9.47690804514251e+04 -4.55629506110694 -93.2302917345961
9.54992586021528e+04 -4.75645650707961 -93.2562503498318
9.62350626398181e+04 -4.95661963669928 -93.2824001577143
9.69765359108343e+04 -5.15678448829764 -93.3087426842293
9.77237220955905e+04 -5.35695110060848 -93.3352794663731
9.84766652110253e+04 -5.55711951277684 -93.3620120522351
9.92354096132196e+04 -5.75728976436803 -93.3889420010815
1.00000000000000e+05 -5.95746189537436 -93.4160708834381
