1.00000000000000e+01 73.3510230111284 90.8581665910861
1.00770481413610e+01 73.284373169943 90.8644274512471
1.01546899243308e+01 73.217723588703 90.8707392233663
1.02329299228075e+01 73.1510742714344 90.8771022789996
1.03117727459306e+01 73.084425222226 90.8835169923619
1.03912230383517e+01 73.017776445228 90.8899837414664
1.04712854805090e+01 72.9511279446569 90.8965029065757
1.05519647889024e+01 72.8844797247927 90.9030748716004
1.06332657163716e+01 72.8178317899818 90.9097000235045
1.07151930523761e+01 72.7511841446384 90.9163787521153
1.07977516232771e+01 72.6845367932441 90.923111450643
1.08809462926223e+01 72.6178897403505 90.9298985154329
1.09647819614319e+01 72.5512429905788 90.9367403459349
1.10492635684876e+01 72.484596548623 90.9436373445833
1.11343960906236e+01 72.4179504192479 90.950589917602
1.12201845430196e+01 72.3513046072925 90.9575984742856
1.13066339794964e+01 72.2846591176712 90.9646634269573
1.13937494928134e+01 72.2180139553743 90.9717851913591
1.14815362149688e+01 72.1513691254678 90.9789641870396
1.15699993175021e+01 72.084724633098 90.9862008360771
1.16591440117983e+01 72.0180804834898 90.9934955645136
1.17489755493953e+01 71.9514366819483 91.0008488017495
1.18394992222930e+01 71.8847932338617 91.0082609804288
1.19307203632654e+01 71.8181501447004 91.0157325369632
1.20226443461741e+01 71.7515074200204 91.0232639108411
1.21152765862859e+01 71.684865065463 91.0308555453469
1.22086225405907e+01 71.6182230867566 91.0385078873413
1.23026877081238e+01 71.5515814897188 91.046221386919
1.23974776302895e+01 71.4849402802561 91.0539964982878
1.24929978911874e+01 71.4182994643672 91.0618336787491
1.25892541179417e+01 71.3516590481434 91.0697333895457
1.26862519810326e+01 71.2850190377696 91.0776960955639
1.27839971946303e+01 71.2183794395266 91.085722265453
1.28824955169314e+01 71.1517402597937 91.0938123710623
1.29817527504985e+01 71.0851015050458 91.1019668889193
1.30817747426020e+01 71.0184631818608 91.1101862985309
1.31825673855641e+01 70.9518252969163 91.1184710837561
1.32841366171065e+01 70.8851878569947 91.1268217317666
1.33864884207000e+01 70.8185508689819 91.1352387341848
1.34896288259166e+01 70.7519143398717 91.143722585856
1.35935639087853e+01 70.6852782767645 91.152273786253
1.36982997921497e+01 70.6186426868713 91.1608928383642
1.38038426460289e+01 70.5520075775149 91.1695802492046
1.39101986879806e+01 70.4853729561309 91.1783365298027
1.40173741834677e+01 70.4187388302689 91.1871621955964
1.41253754462276e+01 70.3521052075976 91.1960577653951
1.42342088386435e+01 70.2854720959019 91.2050237627445
1.43438807721197e+01 70.2188395030886 91.2140607149691
1.44543977074593e+01 70.1522074371859 91.2231691537176
1.45657661552446e+01 70.0855759063468 91.2323496146379
1.46779926762207e+01 70.0189449188495 91.2416026379602
1.47910838816821e+01 69.9523144831008 91.2509287678798
1.49050464338620e+01 69.8856846076378 91.2603285528873
1.50198870463249e+01 69.8190553011288 91.2698025458534
1.51356124843621e+01 69.7524265723769 91.2793513039979
1.52522295653902e+01 69.6857984303207 91.2889753889822
1.53697451593528e+01 69.6191708840374 91.2986753667717
1.54881661891249e+01 69.5525439427444 91.3084518078912
1.56074996309212e+01 69.4859176158012 91.3183052873892
1.57277525147067e+01 69.4192919127135 91.3282363844504
1.58489319246112e+01 69.3526668431323 91.3382456832818
1.59710449993461e+01 69.2860424168583 91.34833377259
1.60940989326254e+01 69.2194186438448 91.3585012453262
1.62181009735894e+01 69.1527955341972 91.3687486996496
1.63430584272314e+01 69.0861730981792 91.3790767378409
1.64689786548288e+01 69.019551346211 91.3894859674418
1.65958690743757e+01 68.9529302888761 91.3999770002417
1.67237371610209e+01 68.8863099369198 91.4105504532944
1.68525904475076e+01 68.8196903012551 91.4212069480649
1.69824365246175e+01 68.7530713929629 91.431947111098
1.71132830416179e+01 68.6864532232951 91.4427715739662
1.72451377067121e+01 68.6198358036786 91.4536809728958
1.73780082874938e+01 68.5532191457167 91.4646759491433
1.75119026114047e+01 68.4866032611912 91.4757571492709
1.76468285661951e+01 68.4199881620673 91.486925224472
1.77827941003893e+01 68.3533738604948 91.4981808312744
1.79198072237534e+01 68.2867603688115 91.5095246311891
1.80578760077673e+01 68.2201476995451 91.5209572911286
1.81970085860999e+01 68.1535358654189 91.5324794827975
1.83372131550889e+01 68.0869248793505 91.5440918837079
1.84784979742230e+01 68.0203147544593 91.5557951761144
1.86208713666288e+01 67.9537055040671 91.5675900477765
1.87643417195610e+01 67.8870971417005 91.579477192022
1.89089174848965e+01 67.8204896810971 91.5914573071661
1.90546071796326e+01 67.7538831362057 91.6035310972887
1.92014193863881e+01 67.6872775211909 91.6156992718821
1.93493627539096e+01 67.6206728504371 91.6279625458022
1.94984459975806e+01 67.5540691385502 91.6403216396749
1.96486778999348e+01 67.4874664003623 91.6527772796641
1.98000673111740e+01 67.4208646509357 91.6653301972923
1.99526231496889e+01 67.3542639055641 91.6779811302744
2.01063544025850e+01 67.2876641797789 91.6907308216332
2.02612701262116e+01 67.2210654893508 91.7035800204277
2.04173794466954e+01 67.1544678502948 91.7165294814167
2.05746915604785e+01 67.0878712788741 91.729579965078
2.07332157348597e+01 67.0212757916025 91.742732238051
2.08929613085405e+01 66.9546814052493 91.7559870728039
2.10539376921756e+01 66.8880881368439 91.7693452476627
2.12161543689270e+01 66.8214960036777 91.7828075472382
2.13796208950225e+01 66.7549050233112 91.7963747619291
2.15443469003190e+01 66.6883152135741 91.8100476886642
2.17103420888697e+01 66.6217265925743 91.8238271300652
2.18776162394957e+01 66.5551391786982 91.8377138952649
2.20461792063620e+01 66.4885529906174 91.8517087995004
2.22160409195583e+01 66.4219680472908 91.8658126645584
2.23872113856835e+01 66.3553843679721 91.8800263182936
2.25597006884359e+01 66.2888019722119 91.8943505950681
2.27335189892065e+01 66.2222208798633 91.9087863357343
2.29086765276779e+01 66.1556411110857 91.9233343877524
2.30851836224278e+01 66.0890626863517 91.9379956047706
2.32630506715364e+01 66.022485626449 91.9527708473858
2.34422881531994e+01 65.9559099524874 91.9676609826885
2.36229066263448e+01 65.8893356859035 91.9826668843836
2.38049167312553e+01 65.8227628484645 91.9977894330962
2.39883291901951e+01 65.756191462275 92.0130295160745
2.41731548080412e+01 65.6896215497804 92.0283880275835
2.43594044729205e+01 65.6230531337743 92.0438658685789
2.45470891568505e+01 65.5564862374019 92.0594639471215
2.47362199163864e+01 65.4899208841668 92.0751831781773
2.49268078932720e+01 65.423357097936 92.091024483773
2.51188643150960e+01 65.3567949029449 92.1069887930865
2.53124004959538e+01 65.290234323804 92.1230770424423
2.55074278371138e+01 65.2236753855048 92.1392901752376
2.57039578276888e+01 65.1571181134249 92.1556291422756
2.59020020453134e+01 65.0905625333334 92.1720949017072
2.61015721568256e+01 65.0240086713998 92.1886884187828
2.63026799189540e+01 64.957456554196 92.2054106665263
2.65053371790110e+01 64.8909062087066 92.2222626251384
2.67095558755901e+01 64.8243576623323 92.2392452825457
2.69153480392694e+01 64.7578109428975 92.2563596342086
2.71227257933205e+01 64.6912660786578 92.2736066830674
2.73317013544226e+01 64.6247230983045 92.2909874400528
2.75422870333819e+01 64.558182030973 92.3085029236134
2.77544952358573e+01 64.4916429062491 92.3261541601593
2.79683384630910e+01 64.4251057541756 92.3439421839319
2.81838293126448e+01 64.3585706052612 92.3618680369502
2.84009804791424e+01 64.2920374904847 92.3799327694148
2.86198047550173e+01 64.2255064413047 92.3981374394695
2.88403150312663e+01 64.1589774896656 92.4164831134621
2.90625242982089e+01 64.0924506680061 92.434970865782
2.92864456462526e+01 64.0259260092667 92.4536017790443
2.95120922666641e+01 63.9594035468959 92.4723769443305
2.97394774523463e+01 63.8928833148613 92.4912974607671
2.99686145986215e+01 63.8263653476538 92.5103644361533
3.01995172040204e+01 63.7598496802984 92.5295789866158
3.04321988710775e+01 63.6933363483616 92.5489422368351
3.06666733071321e+01 63.626825387959 92.56845532017
3.09029543251362e+01 63.5603168357653 92.5881193785102
3.11410558444679e+01 63.4938107290226 92.6079355624337
3.13809918917516e+01 63.4273071055475 92.627905031462
3.16227766016841e+01 63.3608060037416 92.6480289538664
3.18664242178676e+01 63.2943074626002 92.6683085068842
3.21119490936485e+01 63.2278115217222 92.6887448765564
3.23593656929631e+01 63.1613182213171 92.7093392582335
3.26086885911897e+01 63.0948276022178 92.7300928560959
3.28599324760069e+01 63.0283397058868 92.7510068836776
3.31131121482594e+01 62.9618545744283 92.7720825637323
3.33682425228298e+01 62.8953722505971 92.7933211282815
3.36253386295166e+01 62.8288927778089 92.8147238187123
3.38844156139206e+01 62.7624162001507 92.8362918858874
3.41454887383364e+01 62.6959425623909 92.8580265901354
3.44085733826517e+01 62.6294719099899 92.8799292014031
3.46736850452535e+01 62.5630042891107 92.9020009992619
3.49408393439410e+01 62.4965397466297 92.9242432730384
3.52100520168456e+01 62.4300783301482 92.9466573217763
3.54813389233579e+01 62.363620088003 92.9692444544303
3.57547160450625e+01 62.297165069278 92.9920059899314
3.60301994866789e+01 62.230713323816 93.0149432570733
3.63078054770105e+01 62.1642649022294 93.038057594896
3.65875503699007e+01 62.0978198559142 93.0613503524093
3.68694506451962e+01 62.0313782370597 93.0848228889412
3.71535229097177e+01 61.9649400986618 93.108476574155
3.74397838982385e+01 61.8985054945362 93.1323127879488
3.77282504744704e+01 61.8320744793294 93.1563329207858
3.80189396320565e+01 61.7656471085332 93.1805383735514
3.83118684955733e+01 61.6992234384966 93.204930557789
3.86070543215386e+01 61.6328035264392 93.2295108956877
3.89045144994285e+01 61.5663874304656 93.2542808201253
3.92042665527020e+01 61.499975209578 93.2792417748444
3.95063281398328e+01 61.4335669236906 93.3043952144334
3.98107170553502e+01 61.3671626336421 93.3297426046123
4.01174512308867e+01 61.3007624012133 93.3552854219516
4.04265487362349e+01 61.2343662891389 93.3810251542172
4.07380277804118e+01 61.1679743611225 93.4069633004296
4.10519067127313e+01 61.1015866818532 93.4331013708097
4.13682040238856e+01 61.0352033170184 93.459440887033
4.16869383470340e+01 60.9688243333211 93.4859833822066
4.20081284589012e+01 60.9024497984956 93.512730400844
4.23317932808826e+01 60.8360797813215 93.5396834992438
4.26579518801598e+01 60.7697143516424 93.5668442452434
4.29866234708233e+01 60.70335358038 93.5942142185445
4.33178274150047e+01 60.6369975395524 93.6217950106514
4.36515832240171e+01 60.5706463022898 93.6495882250708
4.39879105595049e+01 60.5042999428535 93.6775954771955
4.43268292346014e+01 60.437958536651 93.7058183946221
4.46683592150969e+01 60.3716221602547 93.7342586171505
4.50125206206139e+01 60.3052908914207 93.7629177967909
4.53593337257933e+01 60.2389648091066 93.7917975978686
4.57088189614881e+01 60.1726439934877 93.8208996973511
4.60609969159672e+01 60.1063285259811 93.8502257844465
4.64158883361284e+01 60.0400184892591 93.8797775611824
4.67735141287204e+01 59.9737139672715 93.9095567422622
4.71338953615747e+01 59.907415045266 93.9395650550894
4.74970532648462e+01 59.8411218098063 93.9698042399761
4.78630092322645e+01 59.7748343487928 94.0002760502916
4.82317848223937e+01 59.7085527514848 94.0309822523003
4.86034017599028e+01 59.6422771085194 94.0619246255232
4.89778819368453e+01 59.5760075119339 94.0931049626749
4.93552474139487e+01 59.5097440551875 94.1245250697323
4.97355204219146e+01 59.4434868331821 94.1561867661877
5.01187233627279e+01 59.3772359422859 94.1880918849798
5.05048788109766e+01 59.3109914803557 94.2202422725933
5.08940095151816e+01 59.2447535467584 94.2526397893199
5.12861383991372e+01 59.1785222423964 94.285286309109
5.16812885632611e+01 59.1122976697305 94.3181837197886
5.20794832859554e+01 59.0460799328034 94.3513339231972
5.24807460249780e+01 58.9798691372644 94.3847388352023
5.28851004188245e+01 58.9136653903945 94.4184003857921
5.32925702881208e+01 58.8474688011308 94.4523205192464
5.37031796370260e+01 58.7812794800929 94.4865011941499
5.41169526546471e+01 58.7150975396087 94.52094438346
5.45339137164635e+01 58.6489230937395 94.5556520747989
5.49540873857632e+01 58.5827562583085 94.5906262702783
5.53774984150898e+01 58.5165971509276 94.6258689867162
5.58041717477005e+01 58.450445891023 94.6613822558698
5.62341325190357e+01 58.3843025998665 94.6971681242337
5.66674060582000e+01 58.3181674005998 94.7332286534943
5.71040178894535e+01 58.2520404182677 94.7695659202826
5.75439937337165e+01 58.1859217798443 94.8061820165014
5.79873595100840e+01 58.1198116142648 94.8430790492526
5.84341413373526e+01 58.0537100524522 94.8802591412523
5.88843655355598e+01 57.9876172273541 94.9177244304144
5.93380586275337e+01 57.9215332739666 94.9554770704732
5.97952473404561e+01 57.8554583293711 94.9935192307831
6.02559586074367e+01 57.789392532765 95.0318530964237
6.07202195690998e+01 57.7233360254937 95.0704808684189
6.11880575751831e+01 57.6572889510834 95.109404763793
6.16595001861492e+01 57.5912514552761 95.1486270156213
6.21345751748085e+01 57.5252236860627 95.1881498731646
6.26133105279562e+01 57.4592057937175 95.2279756019997
6.30957344480203e+01 57.3931979308336 95.2681064841073
6.35818753547233e+01 57.3272002523595 95.3085448178778
6.40717618867564e+01 57.2612129156338 95.3492929183581
6.45654229034666e+01 57.1952360804224 95.3903531173049
6.50628874865567e+01 57.1292699089575 95.4317277631633
6.55641849417989e+01 57.063314565973 95.4734192213869
6.60693448007606e+01 56.9973702187447 95.515429874357
6.65783968225447e+01 56.931437037129 95.5577621215753
6.70913709955422e+01 56.8655151936014 95.6004183797984
6.76082975391993e+01 56.799604863301 95.6434010829051
6.81292069057972e+01 56.7337062240646 95.6867126824141
6.86541297822466e+01 56.6678194564741 95.7303556472105
6.91830970918948e+01 56.6019447438971 95.7743324637657
6.97161399963479e+01 56.536082272528 95.8186456363573
7.02532898973064e+01 56.4702322314333 95.8632976870009
7.07945784384149e+01 56.4043948125953 95.9082911556717
7.13400375071268e+01 56.3385702109568 95.9536286003258
7.18896992365819e+01 56.2727586244665 95.9993125970876
7.24435960075002e+01 56.2069602541255 96.045345740266
7.30017604500890e+01 56.1411753040344 96.0917306424817
7.35642254459654e+01 56.0754039814401 96.1384699348436
7.41310241300930e+01 56.0096464967852 96.1855662669307
7.47021898927344e+01 55.9439030637566 96.2330223069722
7.52777563814179e+01 55.8781738993351 96.2808407419196
7.58577575029197e+01 55.8124592238462 96.3290242776051
7.64422274252613e+01 55.7467592610122 96.3775756387206
7.70312005797228e+01 55.6810742380024 96.4264975691252
7.76247116628705e+01 55.6154043854896 96.4757928316268
7.82227956386016e+01 55.5497499376999 96.5254642084259
7.88254877402035e+01 55.4841111324694 96.5755145010404
7.94328234724295e+01 55.4184882113005 96.6259465303459
8.00448386135906e+01 55.352881419415 96.6767631368725
8.06615692176628e+01 55.2872910058151 96.7279671806968
8.12830516164114e+01 55.2217172233389 96.7795615416839
8.19093224215312e+01 55.15616032872 96.831549119504
8.25404185268033e+01 55.0906205826465 96.8839328338184
8.31763771102686e+01 55.0250982498235 96.9367156242785
8.38172356364177e+01 54.959593599034 96.9899004506318
8.44630318583984e+01 54.8941069031989 97.0434902929732
8.51138038202392e+01 54.8286384394456 97.0974881515869
8.57695898590910e+01 54.7631884891678 97.1518970472605
8.64304286074852e+01 54.6977573380933 97.2067200212846
8.70963589956096e+01 54.6323452763507 97.2619601354904
8.77674202536022e+01 54.5669525985342 97.3176204725621
8.84436519138616e+01 54.5015796037765 97.3737041358062
8.91250938133762e+01 54.4362265958142 97.4302142495389
8.98117860960711e+01 54.3708938830607 97.4871539589972
9.05037692151729e+01 54.3055817786769 97.5445264305281
9.12010839355926e+01 54.2402906006453 97.6023348515865
9.19037713363277e+01 54.1750206718423 97.660582430886
9.26118728128811e+01 54.1097723201132 97.7192723985351
9.33254300797009e+01 54.0445458783496 97.7784080060066
9.40444851726369e+01 53.9793416845665 97.8379925262811
9.47690804514177e+01 53.9141600819799 97.8980292539248
9.54992586021454e+01 53.8490014190862 97.9585215052203
9.62350626398107e+01 53.7838660497447 98.0194726181724
9.69765359108268e+01 53.718754333258 98.0808859526439
9.77237220955830e+01 53.6536666344573 98.1427648903555
9.84766652110177e+01 53.5886033237844 98.2051128350893
9.92354096132120e+01 53.5235647773793 98.2679332126776
1.00000000000002e+02 53.4585513771671 98.3312294711034
1.00770481413612e+02 53.3935635109478 98.3950050805015
1.01546899243310e+02 53.3286015724824 98.4592635334116
1.02329299228077e+02 53.2636659615885 98.5240083446383
1.03117727459308e+02 53.1987570842302 98.589243051455
1.03912230383519e+02 53.133875352613 98.6549712136131
1.04712854805092e+02 53.0690211852789 98.7211964134468
1.05519647889026e+02 53.0041950072037 98.7879222558962
1.06332657163718e+02 52.9393972498956 98.8551523685545
1.07151930523763e+02 52.8746283514934 98.9228904018189
1.07977516232773e+02 52.8098887568696 98.99114002884
1.08809462926225e+02 52.7451789177327 99.0599049456392
1.09647819614321e+02 52.6804992927319 99.1291888711164
1.10492635684878e+02 52.615850347562 99.198995547164
1.11343960906238e+02 52.5512325550722 99.2693287386524
1.12201845430199e+02 52.4866463953754 99.3401922334936
1.13066339794966e+02 52.4220923559581 99.4115898426937
1.13937494928136e+02 52.3575709317933 99.4835254004044
1.14815362149691e+02 52.2930826254565 99.5560027638873
1.15699993175023e+02 52.2286279472378 99.6290258136871
1.16591440117986e+02 52.1642074152638 99.7025984535037
1.17489755493955e+02 52.0998215556155 99.776724610312
1.18394992222933e+02 52.0354709024482 99.8514082343961
1.19307203632656e+02 51.971155998117 99.9266532993123
1.20226443461744e+02 51.9068773933004 100.002463801955
1.21152765862861e+02 51.8426356471277 100.078843762557
1.22086225405910e+02 51.778431327308 100.155797224671
1.23026877081241e+02 51.7142650102601 100.233328255243
1.23974776302897e+02 51.6501372812465 100.311440944563
1.24929978911876e+02 51.5860487345075 100.390139406259
1.25892541179419e+02 51.5219999733972 100.469427777355
1.26862519810329e+02 51.4579916105241 100.549310218192
1.27839971946305e+02 51.3940242678901 100.629790912466
1.28824955169316e+02 51.3300985770356 100.710874067169
1.29817527504988e+02 51.2662151791829 100.792563912614
1.30817747426022e+02 51.2023747253838 100.8748647024
1.31825673855644e+02 51.1385778766722 100.957780713296
1.32841366171068e+02 51.0748253042097 101.041316245401
1.33864884207002e+02 51.0111176894475 101.125475621858
1.34896288259168e+02 50.9474557242763 101.210263189022
1.35935639087856e+02 50.8838401111887 101.295683316293
1.36982997921500e+02 50.8202715634407 101.381740396057
1.38038426460292e+02 50.7567508052122 101.468438843727
1.39101986879808e+02 50.6932785717768 101.555783097555
1.40173741834680e+02 50.6298556096685 101.643777618625
1.41253754462279e+02 50.566482676852 101.732426890789
1.42342088386437e+02 50.5031605428998 101.821735420513
1.43438807721200e+02 50.4398899891642 101.911707736871
1.44543977074596e+02 50.3766718089609 102.002348391361
1.45657661552449e+02 50.3135068077461 102.09366195791
1.46779926762210e+02 50.2503958033047 102.185653032644
1.47910838816824e+02 50.1873396259355 102.278326233872
1.49050464338623e+02 50.124339118642 102.371686201888
1.50198870463252e+02 50.0613951373249 102.465737598898
1.51356124843624e+02 49.9985085509788 102.560485108819
1.52522295653905e+02 49.9356802418892 102.655933437221
1.53697451593531e+02 49.8729111058372 102.752087311045
1.54881661891252e+02 49.810202052301 102.848951478579
1.56074996309215e+02 49.7475540046657 102.946530709199
1.57277525147070e+02 49.6849679004338 103.044829793227
1.58489319246115e+02 49.6224446914404 103.143853541698
1.59710449993464e+02 49.5599853440692 103.24360678623
1.60940989326257e+02 49.4975908394736 103.344094378779
1.62181009735897e+02 49.4352621738019 103.445321191412
1.63430584272318e+02 49.3730003584231 103.547292116118
1.64689786548291e+02 49.3108064201587 103.65001206455
1.65958690743760e+02 49.2486814015167 103.753485967806
1.67237371610212e+02 49.18662636093 103.857718776136
1.68525904475079e+02 49.1246423729977 103.9627154587
1.69824365246179e+02 49.06273052873 104.068481003298
1.71132830416182e+02 49.0008919357968 104.175020416086
1.72451377067124e+02 48.939127718781 104.282338721264
1.73780082874942e+02 48.8774390194357 104.390440960752
1.75119026114050e+02 48.8158269969413 104.499332193939
1.76468285661954e+02 48.7542928281744 104.609017497251
1.77827941003897e+02 48.6928377079721 104.719501963905
1.79198072237538e+02 48.6314628494068 104.830790703474
1.80578760077676e+02 48.5701694840618 104.942888841559
1.81970085861003e+02 48.5089588623119 105.055801519402
1.83372131550893e+02 48.4478322536091 105.169533893479
1.84784979742234e+02 48.3867909467707 105.2840911351
1.86208713666291e+02 48.325836250275 105.399478429972
1.87643417195613e+02 48.2649694925575 105.515700977775
1.89089174848969e+02 48.2041920223154 105.632763991698
1.90546071796329e+02 48.143505208813 105.750672697991
1.92014193863885e+02 48.0829104421965 105.869432335446
1.93493627539100e+02 48.022409133808 105.989048154948
1.94984459975809e+02 47.9620027165103 106.109525418909
1.96486778999352e+02 47.901692645011 106.230869400778
1.98000673111743e+02 47.841480396196 106.353085384469
1.99526231496893e+02 47.7813674694655 106.476178663807
2.01063544025854e+02 47.7213553870765 106.600154541951
2.02612701262119e+02 47.6614456944898 106.725018330786
2.04173794466958e+02 47.6016399607231 106.850775350311
2.05746915604789e+02 47.5419397787091 106.977430928005
2.07332157348601e+02 47.4823467656595 107.104990398158
2.08929613085409e+02 47.422862563434 107.233459101226
2.10539376921761e+02 47.3634888389163 107.362842383104
2.12161543689274e+02 47.3042272843937 107.493145594453
2.13796208950229e+02 47.2450796179461 107.624374089925
2.15443469003194e+02 47.1860475838381 107.756533227433
2.17103420888701e+02 47.1271329529179 107.889628367376
2.18776162394961e+02 47.0683375230238 108.023664871835
2.20461792063624e+02 47.0096631193958 108.158648103757
2.22160409195587e+02 46.9511115950945 108.294583426105
2.23872113856840e+02 46.8926848314256 108.431476201013
2.25597006884364e+02 46.8343847383729 108.569331788874
2.27335189892069e+02 46.7762132550361 108.708155547458
2.29086765276783e+02 46.7181723500777 108.847952830937
2.30851836224282e+02 46.6602640221758 108.98872898896
2.32630506715369e+02 46.6024903004845 109.13048936564
2.34422881531998e+02 46.5448532451014 109.273239298569
2.36229066263452e+02 46.4873549475435 109.416984117752
2.38049167312558e+02 46.4299975312309 109.561729144553
2.39883291901955e+02 46.3727831519771 109.707479690599
2.41731548080417e+02 46.3157139984872 109.854241056698
2.43594044729209e+02 46.2587922928687 110.00201853161
2.45470891568510e+02 46.2020202911431 110.150817390952
2.47362199163869e+02 46.1454002837734 110.300642895936
2.49268078932724e+02 46.0889345961958 110.451500292159
2.51188643150965e+02 46.0326255893624 110.60339480832
2.53124004959543e+02 45.9764756602914 110.756331654941
2.55074278371143e+02 45.9204872426294 110.910316023001
2.57039578276893e+02 45.8646628072181 111.065353082639
2.59020020453139e+02 45.8090048626783 111.221447981676
2.61015721568261e+02 45.7535159559965 111.378605844245
2.63026799189545e+02 45.6981986731256 111.536831769311
2.65053371790115e+02 45.6430556395955 111.69613082917
2.67095558755906e+02 45.588089521134 111.856508067913
2.69153480392699e+02 45.5333030242984 112.017968499864
2.71227257933210e+02 45.4786988971176 112.180517107987
2.73317013544231e+02 45.4242799297477 112.344158842221
2.75422870333824e+02 45.3700489551377 112.508898617799
2.77544952358579e+02 45.316008849707 112.674741313554
2.79683384630916e+02 45.2621625340367 112.841691770126
2.81838293126453e+02 45.2085129735701 113.009754788209
2.84009804791429e+02 45.1550631793314 113.17893512666
2.86198047550179e+02 45.1018162086515 113.349237500664
2.88403150312669e+02 45.048775165913 113.520666579776
2.90625242982095e+02 44.9959432033047 113.693226985984
2.92864456462532e+02 44.9433235215928 113.866923291685
2.95120922666647e+02 44.890919370906 114.041760017629
2.97394774523469e+02 44.8387340515357 114.217741630827
2.99686145986221e+02 44.7867709147507 114.394872542417
3.01995172040210e+02 44.7350333636296 114.573157105453
3.04321988710781e+02 44.6835248539077 114.752599612691
3.06666733071327e+02 44.6322488948429 114.933204294258
3.09029543251368e+02 44.581209050095 115.11497531537
3.11410558444685e+02 44.5304089386264 115.29791677392
3.13809918917522e+02 44.4798522356197 115.482032698025
3.16227766016847e+02 44.4295426734126 115.66732704358
3.18664242178682e+02 44.3794840424551 115.85380369167
3.21119490936492e+02 44.3296801922844 116.041466446002
3.23593656929638e+02 44.2801350325189 116.230319030258
3.26086885911903e+02 44.2308525338786 116.420365085362
3.28599324760075e+02 44.1818367292201 116.611608166753
3.31131121482601e+02 44.1330917146002 116.804051741541
3.33682425228304e+02 44.0846216503591 116.997699185633
3.36253386295173e+02 44.0364307622283 117.192553780807
3.38844156139213e+02 43.9885233424641 117.38861871169
3.41454887383370e+02 43.9409037510043 117.585897062725
3.44085733826524e+02 43.8935764166548 117.784391815013
3.46736850452542e+02 43.8465458382974 117.984105843165
3.49408393439417e+02 43.7998165861336 118.185041912007
3.52100520168462e+02 43.7533933029498 118.387202673292
3.54813389233586e+02 43.7072807054175 118.590590662289
3.57547160450632e+02 43.6614835854215 118.795208294336
3.60301994866796e+02 43.6160068114228 119.001057861305
3.63078054770112e+02 43.5708553298517 119.208141528008
3.65875503699014e+02 43.5260341665387 119.41646132851
3.68694506451969e+02 43.4815484281785 119.626019162377
3.71535229097184e+02 43.4374033038294 119.836816790882
3.74397838982393e+02 43.3936040664585 120.048855833038
3.77282504744711e+02 43.3501560745149 120.262137761674
3.80189396320573e+02 43.3070647735552 120.476663899325
3.83118684955740e+02 43.2643356979045 120.692435414095
3.86070543215393e+02 43.2219744723644 120.909453315422
3.89045144994293e+02 43.1799868139667 121.12771844975
3.92042665527027e+02 43.1383785337751 121.347231496097
3.95063281398336e+02 43.0971555387351 121.567992961577
3.98107170553510e+02 43.056323833577 121.790003176782
4.01174512308875e+02 43.0158895227728 122.013262291066
4.04265487362357e+02 42.9758588125452 122.237770267784
4.07380277804125e+02 42.9362380129398 122.463526879364
4.10519067127321e+02 42.8970335399532 122.690531702315
4.13682040238864e+02 42.8582519177262 122.918784112103
4.16869383470348e+02 42.8198997808021 123.148283277938
4.20081284589020e+02 42.7819838764494 123.379028157447
4.23317932808834e+02 42.7445110670627 123.611017491187
4.26579518801606e+02 42.707488332629 123.84424979711
4.29866234708241e+02 42.670922773277 124.078723364837
4.33178274150055e+02 42.6348216119032 124.31443624984
4.36515832240180e+02 42.5991921968838 124.551386267472
4.39879105595057e+02 42.5640420048703 124.789570986898
4.43268292346023e+02 42.5293786436815 125.028987724816
4.46683592150977e+02 42.4952098552842 125.269633539106
4.50125206206148e+02 42.4615435188791 125.511505222265
4.53593337257942e+02 42.4283876540854 125.75459929473
4.57088189614890e+02 42.3957504242355 125.998911998016
4.60609969159681e+02 42.3636401397845 126.244439287673
4.64158883361293e+02 42.3320652618335 126.491176826106
4.67735141287213e+02 42.3010344057817 126.739119975164
4.71338953615756e+02 42.2705563451039 126.988263788567
4.74970532648471e+02 42.2406400152645 127.238603004131
4.78630092322654e+02 42.2112945177725 127.490132035789
4.82317848223946e+02 42.1825291243881 127.74284496536
4.86034017599038e+02 42.1543532814774 127.99673553416
4.89778819368462e+02 42.1267766145372 128.251797134304
4.93552474139497e+02 42.0998089328861 128.508022799803
4.97355204219156e+02 42.0734602345347 128.765405197399
5.01187233627289e+02 42.047740711243 129.023936617115
5.05048788109775e+02 42.0226607537759 129.283608962521
5.08940095151826e+02 41.9982309573626 129.544413740706
5.12861383991382e+02 41.9744621273728 129.806342051951
5.16812885632621e+02 41.9513652852226 130.069384579025
5.20794832859564e+02 41.9289516745135 130.333531576188
5.24807460249790e+02 41.9072327674272 130.598772857793
5.28851004188256e+02 41.8862202713824 130.865097786498
5.32925702881218e+02 41.865926135966 131.132495261092
5.37031796370271e+02 41.8463625601583 131.400953703876
5.41169526546482e+02 41.8275419998639 131.670461047583
5.45339137164646e+02 41.809477175764 131.941004721829
5.49540873857643e+02 41.792181081508 132.212571639046
5.53774984150908e+02 41.775666992266 132.485148179858
5.58041717477015e+02 41.7599484736518 132.758720177925
5.62341325190368e+02 41.7450393910493 133.033272904121
5.66674060582010e+02 41.7309539193511 133.30879105013
5.71040178894546e+02 41.717706553146 133.585258711282
5.75439937337177e+02 41.705312117364 133.862659368731
5.79873595100851e+02 41.6937857784197 134.1409758708
5.84341413373538e+02 41.6831430558719 134.420190413518
5.88843655355609e+02 41.6733998346329 134.700284520283
5.93380586275348e+02 41.6645723777564 134.981239020562
5.97952473404573e+02 41.6566773398399 135.263034027614
6.02559586074379e+02 41.6497317810759 135.545648915099
6.07202195691009e+02 41.6437531819895 135.82906229258
6.11880575751843e+02 41.6387594589013 136.113251979775
6.16595001861504e+02 41.6347689801647 136.398194979492
6.21345751748097e+02 41.6318005832145 136.683867449174
6.26133105279574e+02 41.6298735924839 136.970244670925
6.30957344480215e+02 41.6290078382414 137.257301019908
6.35818753547245e+02 41.6292236763988 137.545009931027
6.40717618867576e+02 41.6305420093574 137.833343863726
6.45654229034678e+02 41.6329843079534 138.122274264794
6.50628874865580e+02 41.6365726345732 138.411771529008
6.55641849418002e+02 41.6413296675136 138.701804957445
6.60693448007619e+02 41.6472787266657 138.992342713315
6.65783968225460e+02 41.6544438006112 139.283351775069
6.70913709955435e+02 41.6628495752194 139.574797886623
6.76082975392006e+02 41.6725214638497 139.866645504427
6.81292069057985e+02 41.6834856392656 140.158857741133
6.86541297822479e+02 41.6957690673733 140.451396305599
6.91830970918961e+02 41.7093995429107 140.744221438936
6.97161399963492e+02 41.7244057272268 141.037291846219
7.02532898973077e+02 41.7408171882914 141.330564623549
7.07945784384163e+02 41.758664443094 141.623995180055
7.13400375071282e+02 41.7779790026051 141.917537154388
7.18896992365833e+02 41.7987934194831 142.211142325249
7.24435960075016e+02 41.821141338728 142.504760515398
7.30017604500904e+02 41.8450575514981 142.798339488602
7.35642254459668e+02 41.8705780523302 143.091824838848
7.41310241300944e+02 41.8977401000155 143.38515987114
7.47021898927359e+02 41.9265822824165 143.678285473099
7.52777563814194e+02 41.9571445855258 143.971139976495
7.58577575029211e+02 41.9894684671022 144.263659007793
7.64422274252628e+02 42.0235969352482 144.555775326607
7.70312005797243e+02 42.0595746323237 144.847418650947
7.76247116628720e+02 42.0974479246351 145.138515467919
7.82227956386031e+02 42.1372649983711 145.428988828461
7.88254877402050e+02 42.1790759623133 145.718758124482
7.94328234724311e+02 42.222932957892 146.007738846617
8.00448386135921e+02 42.2688902772251 146.295842320567
8.06615692176643e+02 42.3170044898205 146.582975419832
8.12830516164129e+02 42.3673345787272 146.869040252237
8.19093224215328e+02 42.4199420869685 147.153933817468
8.25404185268049e+02 42.4748912751964 147.437547632423
8.31763771102702e+02 42.5322492915994 147.719767320782
8.38172356364193e+02 42.5920863552153 148.000472162746
8.44630318584000e+02 42.6544759539191 148.279534600365
8.51138038202408e+02 42.7194950585017 148.55681969326
8.57695898590926e+02 42.7872243544154 148.832184518857
8.64304286074868e+02 42.8577484929476 149.10547751041
8.70963589956113e+02 42.9311563637783 149.376537725196
8.77674202536039e+02 43.0075413911231 149.645194034158
8.84436519138633e+02 43.0870018559277 149.911264222971
8.91250938133779e+02 43.1696412468611 150.174553993138
8.98117860960729e+02 43.2555686432394 150.434855849865
9.05037692151746e+02 43.3448991333574 150.691947861599
9.12010839355944e+02 43.4377542722043 150.945592273592
9.19037713363294e+02 43.5342625830116 151.195533955253
9.26118728128829e+02 43.6345601077291 151.44149865752
9.33254300797027e+02 43.7387910121576 151.683191052843
9.40444851726388e+02 43.8471082523022 151.920292525532
9.47690804514196e+02 43.9596743094208 152.152458674751
9.54992586021473e+02 44.0766620022848 152.379316485876
9.62350626398126e+02 44.1982553864551 152.600461117864
9.69765359108287e+02 44.3246507517924 152.815452244765
9.77237220955848e+02 44.4560577311163 153.023809877903
9.84766652110196e+02 44.5927005349305 153.225009581057
9.92354096132139e+02 44.7348193294478 153.418476973846
1.00000000000004e+03 44.882671777891 153.603581397374
1.00770481413614e+03 45.0365347682839 153.779628590239
1.01546899243312e+03 45.1967063547798 153.945852190869
1.02329299228079e+03 45.3635079440983 154.101403842228
1.03117727459310e+03 45.5372867640189 154.245341625142
1.03912230383521e+03 45.718418657301 154.376616483761
1.04712854805094e+03 45.9073112519912 154.4940562277
1.05519647889028e+03 46.1044075681592 154.596346595028
1.06332657163720e+03 46.3101901319494 154.682008731783
1.07151930523765e+03 46.5251856806675 154.749372278954
1.07977516232775e+03 46.7499705579553 154.796543044182
1.08809462926227e+03 46.9851769162241 154.821363957048
1.09647819614323e+03 47.2314998647803 154.821367641608
1.10492635684880e+03 47.489705726856 154.79371845634
1.11343960906241e+03 47.7606415970459 154.7351412074
1.12201845430201e+03 48.0452464219722 154.64183287514
1.13066339794968e+03 48.3445638601515 154.509352519772
1.13937494928138e+03 48.6597572084912 154.332482926987
1.14815362149693e+03 48.9921267062685 154.105055339615
1.15699993175026e+03 49.3431295298318 153.819725537727
1.16591440117988e+03 49.7144027484149 153.467685197168
1.17489755493958e+03 50.107789378566 153.038286314891
1.18394992222935e+03 50.5253673685732 152.518547711463
1.19307203632658e+03 50.9694807116553 151.892499985575
1.20226443461746e+03 51.4427706427475 151.140307017735
1.21152765862864e+03 51.9482024864863 150.237075653144
1.22086225405912e+03 52.4890791920233 149.151227092949
1.23026877081243e+03 53.0690240135854 147.842249709528
1.23974776302899e+03 53.6918985568367 146.257580423838
1.24929978911878e+03 54.3615916411277 144.328274390447
1.25892541179422e+03 55.0815563314123 141.963049747641
1.26862519810331e+03 55.853864500946 139.040341772997
1.27839971946308e+03 56.6773561346732 135.398488617258
1.28824955169319e+03 57.544155628305 130.825956927566
1.29817527504990e+03 58.4334905863236 125.058597027824
1.30817747426025e+03 59.3019535254157 117.802680814086
1.31825673855646e+03 60.0720429652373 108.821244560056
1.32841366171071e+03 60.62935960944 98.1227770316043
1.33864884207005e+03 60.8497161721314 86.1977132267406
1.34896288259171e+03 60.6625922434864 74.0445069941566
1.35935639087858e+03 60.1005060290904 62.7715063476886
1.36982997921503e+03 59.2751389286034 53.0883220847207
1.38038426460294e+03 58.3103072055259 45.1682547338622
1.39101986879811e+03 57.2987778521928 38.8423674144829
1.40173741834683e+03 56.2960829002133 33.8238053673199
1.41253754462281e+03 55.3305218519746 29.8316059022728
1.42342088386440e+03 54.4141041375796 26.6330835540029
1.43438807721203e+03 53.5500844008674 24.0480225188272
1.44543977074599e+03 52.737365460355 21.9403657185177
1.45657661552452e+03 51.9728828155662 20.2080116317708
1.46779926762213e+03 51.2528406753549 18.7740649599719
1.47910838816827e+03 50.5733284406424 17.5801321077761
1.49050464338626e+03 49.9306115034834 16.5814043968585
1.50198870463255e+03 49.3212537842079 15.7431094113648
1.51356124843627e+03 48.7421551123271 15.0379565840484
1.52522295653908e+03 48.1905470354831 14.4442908966491
1.53697451593534e+03 47.6639697716241 13.9447482094905
1.54881661891255e+03 47.1602420027326 13.5252667278952
1.56074996309218e+03 46.6774293866728 13.1743528884495
1.57277525147073e+03 46.2138145912293 12.8825305214283
1.58489319246118e+03 45.7678700446457 12.6419232855414
1.59710449993467e+03 45.3382337687389 12.4459349703984
1.60940989326260e+03 44.9236882500884 12.289002381543
1.62181009735900e+03 44.5231421168488 12.1664025820497
1.63430584272321e+03 44.1356143174898 12.0741012278908
1.64689786548294e+03 43.7602204861357 12.0086322543392
1.65958690743763e+03 43.3961611964042 11.9670016898905
1.67237371610215e+03 43.0427118349503 11.9466101934462
1.68525904475082e+03 42.6992138589882 11.9451902365845
1.69824365246182e+03 42.3650672342868 11.960754827364
1.71132830416185e+03 42.0397238797545 11.9915553951984
1.72451377067128e+03 41.7226819708733 12.0360469967519
1.73780082874945e+03 41.4134809768545 12.0928594102714
1.75119026114053e+03 41.1116973257299 12.1607729952018
1.76468285661958e+03 40.8169406079267 12.2386984306925
1.77827941003900e+03 40.5288502426842 12.3256596289756
1.79198072237541e+03 40.247092543233 12.4207792611535
1.80578760077680e+03 39.9713581264019 12.5232664433679
1.81970085861006e+03 39.7013596204609 12.6324062181165
1.83372131550896e+03 39.4368296318564 12.7475505340254
1.84784979742237e+03 39.1775189372874 12.8681104819218
1.86208713666295e+03 38.923194872362 12.9935495885341
1.87643417195617e+03 38.6736398922191 13.1233780041398
1.89089174848972e+03 38.428650282915 13.25714744867
1.90546071796333e+03 38.1880350053275 13.3944468036877
1.92014193863889e+03 37.9516146557868 13.5348982562732
1.93493627539104e+03 37.7192205297863 13.6781539160985
1.94984459975813e+03 37.4906937768975 13.8238928395443
1.96486778999355e+03 37.2658846365783 13.9718184049631
1.98000673111747e+03 37.044651745867 14.1216559918646
1.99526231496897e+03 36.8268615110876 14.2731509238115
2.01063544025858e+03 36.6123875366863 14.4260666408253
2.02612701262123e+03 36.4011101051288 14.5801830720319
2.04173794466962e+03 36.1929157025467 14.735295183458
2.05746915604793e+03 35.9876965854268 14.8912116794337
2.07332157348605e+03 35.7853503842048 15.0477538389855
2.08929613085413e+03 35.585779740083 15.2047544711603
2.10539376921765e+03 35.3888919718231 15.3620569753588
2.12161543689278e+03 35.1945987696162 15.5195144945782
2.13796208950233e+03 35.0028159134569 15.6769891510115
2.15443469003198e+03 34.8134630137267 15.8343513548468
2.17103420888705e+03 34.6264632719344 15.9914791781806
2.18776162394965e+03 34.4417432597766 16.1482577870251
2.20461792063629e+03 34.2592327148803 16.3045789252053
2.22160409195591e+03 34.078864351745 16.4603404446892
2.23872113856844e+03 33.9005736865617 16.6154458775459
2.25597006884368e+03 33.7242988747138 16.7698040452904
2.27335189892073e+03 33.5499805598819 16.923328701835
2.29086765276788e+03 33.3775617337812 17.0759382067357
2.30851836224287e+03 33.2069876056499 17.2275552257374
2.32630506715373e+03 33.0382054806997 17.378106456018
2.34422881532003e+03 32.8711646467954 17.5275223737461
2.36229066263457e+03 32.7058162687186 17.6757370018724
2.38049167312562e+03 32.5421132894163 17.8226876962759
2.39883291901960e+03 32.3800103376908 17.9683149485718
2.41731548080422e+03 32.2194636418388 18.1125622040902
2.43594044729214e+03 32.0604309487909 18.2553756936588
2.45470891568514e+03 31.9028714483389 18.3967042779773
2.47362199163874e+03 31.7467457020716 18.5364993034831
2.49268078932729e+03 31.5920155766821 18.6747144687238
2.51188643150970e+03 31.438644181324 18.8113057003381
2.53124004959548e+03 31.2865958087321 18.9462310378388
2.55074278371148e+03 31.1358358798409 19.0794505264736
2.57039578276898e+03 30.9863308916541 19.210926117484
2.59020020453144e+03 30.8380483681466 19.3406215751854
2.61015721568266e+03 30.6909568139844 19.4685023902952
2.63026799189551e+03 30.5450256708803 19.5945356990389
2.65053371790120e+03 30.4002252764034 19.7186902075579
2.67095558755911e+03 30.2565268250813 19.8409361212225
2.69153480392704e+03 30.1139023316491 19.9612450784697
2.71227257933216e+03 29.9723245963017 20.0795900888206
2.73317013544236e+03 29.8317671718212 20.1959454747624
2.75422870333830e+03 29.6922043324673 20.3102868172145
2.77544952358584e+03 29.553611044509 20.4225909043041
2.79683384630921e+03 29.4159629383064 20.5328356832234
2.81838293126459e+03 29.2792362818412 20.6410002149346
2.84009804791435e+03 29.1434079556093 20.7470646315257
2.86198047550184e+03 29.0084554287929 20.8510100960307
2.88403150312674e+03 28.874356736638 20.9528187645375
2.90625242982100e+03 28.7410904589628 21.0524737504292
2.92864456462538e+03 28.6086356997332 21.1499590906103
2.95120922666653e+03 28.4769720676424 21.2452597135814
2.97394774523475e+03 28.3460796576382 21.3383614092448
2.99686145986227e+03 28.215939033342 21.4292508003159
3.01995172040216e+03 28.0865312103109 21.5179153152411
3.04321988710787e+03 27.957837640096 21.6043431625204
3.06666733071333e+03 27.8298401950518 21.688523306346
3.09029543251374e+03 27.7025211538556 21.7704454434714
3.11410558444691e+03 27.5758631876995 21.8500999812261
3.13809918917528e+03 27.4498493471174 21.9274780166142
3.16227766016853e+03 27.3244630494144 22.0025713164223
3.18664242178689e+03 27.1996880666645 22.0753722982696
3.21119490936498e+03 27.0755085142512 22.1458740125543
3.23593656929644e+03 26.9519088399172 22.2140701252274
3.26086885911909e+03 26.8288738133012 22.279954901349
3.28599324760081e+03 26.7063885159346 22.3435231893855
3.31131121482607e+03 26.5844383316775 22.4047704061897
3.33682425228310e+03 26.4630089375673 22.4636925226355
3.36253386295179e+03 26.342086295065 22.5202860498605
3.38844156139219e+03 26.2216566416744 22.5745480260795
3.41454887383377e+03 26.1017064829202 22.6264760039439
3.44085733826530e+03 25.982222584664 22.6760680384027
3.46736850452549e+03 25.8631919657445 22.7233226750441
3.49408393439424e+03 25.7446018909253 22.7682389388858
3.52100520168469e+03 25.6264398641355 22.810816323589
3.54813389233593e+03 25.5086936219898 22.8510547810692
3.57547160450639e+03 25.3913511275751 22.8889547114845
3.60301994866803e+03 25.2744005644902 22.9245169535722
3.63078054770119e+03 25.1578303311292 22.9577427753237
3.65875503699021e+03 25.0416290351943 22.9886338649656
3.68694506451976e+03 24.9257854884303 23.0171923222397
3.71535229097191e+03 24.8102887015695 23.0434206499561
3.74397838982400e+03 24.6951278794779 23.0673217458092
3.77282504744718e+03 24.5802924164937 23.0888988944374
3.80189396320580e+03 24.4657718919491 23.1081557597123
3.83118684955748e+03 24.3515560658679 23.125096377243
3.86070543215401e+03 24.2376348748321 23.139725147086
3.89045144994300e+03 24.1239984280073 23.1520468266433
3.92042665527035e+03 24.0106370033237 23.1620665237392
3.95063281398344e+03 23.8975410438022 23.1697896898643
3.98107170553517e+03 23.7847011540234 23.1752221135774
4.01174512308883e+03 23.6721080967296 23.1783699140525
4.04265487362365e+03 23.5597527895564 23.1792395347618
4.07380277804133e+03 23.4476263018882 23.1778377372898
4.10519067127329e+03 23.3357198518315 23.1741715952627
4.13682040238872e+03 23.2240248033017 23.1682484883918
4.16869383470357e+03 23.1125326632185 23.1600760966171
4.20081284589028e+03 23.001235078805 23.149662394349
4.23317932808842e+03 22.8901238349871 23.1370156447973
4.26579518801614e+03 22.7791908518873 23.1221443943827
4.29866234708250e+03 22.668428182411 23.1050574672226
4.33178274150064e+03 22.5578280099198 23.0857639596885
4.36515832240188e+03 22.4473826459889 23.0642732350251
4.39879105595066e+03 22.337084528245 23.0405949180284
4.43268292346032e+03 22.2269262182809 23.0147388897777
4.46683592150986e+03 22.1169003996446 22.986715282415
4.50125206206157e+03 22.0069998758983 22.9565344739676
4.53593337257951e+03 21.8972175687456 22.9242070832122
4.57088189614899e+03 21.7875465162233 22.8897439645704
4.60609969159690e+03 21.6779798709551 22.8531562030395
4.64158883361302e+03 21.568510898465 22.8144551091474
4.67735141287222e+03 21.4591329755472 22.7736522139338
4.71338953615765e+03 21.3498395886905 22.7307592639521
4.74970532648480e+03 21.2406243325542 22.6857882162867
4.78630092322663e+03 21.1314809084945 22.6387512335891
4.82317848223956e+03 21.0224031231372 22.5896606791228
4.86034017599047e+03 20.9133848869965 22.5385291118207
4.89778819368472e+03 20.8044202131366 22.4853692813483
4.93552474139506e+03 20.6955032158749 22.4301941231734
4.97355204219166e+03 20.5866281095238 22.3730167536387
5.01187233627298e+03 20.4777892071703 22.3138504650371
5.05048788109785e+03 20.3689809194915 22.2527087206865
5.08940095151836e+03 20.2601977536036 22.1896051500043
5.12861383991392e+03 20.1514343119429 22.1245535435777
5.16812885632631e+03 20.0426852911782 22.0575678482337
5.20794832859574e+03 19.9339454811506 21.9886621621008
5.24807460249800e+03 19.8252097638433 21.9178507296687
5.28851004188266e+03 19.7164731123744 21.8451479368398
5.32925702881229e+03 19.6077305900168 21.7705683059764
5.37031796370281e+03 19.49897734924 21.6941264909384
5.41169526546492e+03 19.3902086307738 21.6158372721173
5.45339137164657e+03 19.2814197626937 21.5357155514602
5.49540873857654e+03 19.1726061595238 21.4537763474875
5.53774984150919e+03 19.0637633213595 21.3700347903047
5.58041717477026e+03 18.9548868330066 21.2845061166061
5.62341325190379e+03 18.8459723631361 21.1972056646735
5.66674060582021e+03 18.7370156634538 21.108148869367
5.71040178894557e+03 18.6280125678841 21.0173512571132
5.75439937337188e+03 18.5189589917663 20.9248284408868
5.79873595100862e+03 18.4098509310621 20.8305961151898
5.84341413373549e+03 18.3006844615748 20.7346700510271
5.88843655355620e+03 18.1914557381782 20.6370660908804
5.93380586275360e+03 18.0821609940541 20.5378001436832
5.97952473404584e+03 17.9727965399383 20.4368881797931
6.02559586074390e+03 17.8633587633747 20.3343462259696
6.07202195691021e+03 17.7538441279745 20.2301903603521
6.11880575751855e+03 17.6442491726831 20.1244367074443
6.16595001861515e+03 17.5345705110509 20.0171014331052
6.21345751748109e+03 17.424804830509 19.9082007395461
6.26133105279587e+03 17.3149488916493 19.7977508603384
6.30957344480227e+03 17.2049995275072 19.6857680554329
6.35818753547257e+03 17.0949536428471 19.5722686061909
6.40717618867588e+03 16.9848082134504 19.4572688104312
6.45654229034691e+03 16.8745602854047 19.3407849774926
6.50628874865593e+03 16.7642069743945 19.2228334233175
6.55641849418015e+03 16.6537454649917 19.1034304655524
6.60693448007632e+03 16.5431730099473 18.9825924186746
6.65783968225473e+03 16.4324869294824 18.8603355891416
6.70913709955448e+03 16.3216846105782 18.7366762705677
6.76082975392019e+03 16.2107635062653 18.6116307389295
6.81292069057999e+03 16.0997211349121 18.4852152478029
6.86541297822492e+03 15.9885550795105 18.3574460236319
6.91830970918975e+03 15.8772629869604 18.2283392610345
6.97161399963506e+03 15.7658425673519 18.0979111181443
7.02532898973091e+03 15.6542915932447 17.9661777119929
7.07945784384177e+03 15.5426078989446 17.8331551139336
7.13400375071296e+03 15.4307893797779 17.6988593451088
7.18896992365847e+03 15.3188339913622 17.5633063719646
7.24435960075030e+03 15.2067397488735 17.4265121018116
7.30017604500918e+03 15.0945047263107 17.2884923784384
7.35642254459682e+03 14.9821270557564 17.1492629777756
7.41310241300959e+03 14.8696049266337 17.0088396036157
7.47021898927373e+03 14.7569365849595 16.867237883389
7.52777563814208e+03 14.6441203325947 16.7244733639981
7.58577575029226e+03 14.5311545264896 16.5805615077134
7.64422274252643e+03 14.4180375779264 16.4355176881309
7.70312005797258e+03 14.3047679517574 16.2893571861946
7.76247116628735e+03 14.1913441656397 16.1420951862855
7.82227956386046e+03 14.0777647892658 15.9937467723784
7.88254877402066e+03 13.9640284435913 15.8443269242694
7.94328234724326e+03 13.850133800058 15.6938505138747
8.00448386135937e+03 13.7360795798145 15.5423323016025
8.06615692176659e+03 13.6218645529323 15.3897869328013
8.12830516164145e+03 13.5074875376194 15.2362289342831
8.19093224215343e+03 13.3929473994303 15.0816727109267
8.25404185268065e+03 13.278243050473 14.9261325423584
8.31763771102718e+03 13.1633734486131 14.769622579716
8.38172356364210e+03 13.0483375966754 14.6121568424935
8.44630318584016e+03 12.9331345416421 14.45374921547
8.51138038202425e+03 12.8177633738495 14.2944134457235
8.57695898590943e+03 12.7022232261816 14.1341631397303
8.64304286074885e+03 12.5865132732628 13.9730117605515
8.70963589956130e+03 12.4706327306475 13.8109726251073
8.77674202536056e+03 12.3545808540086 13.6480589015406
8.84436519138650e+03 12.2383569383252 13.4842836066695
8.91250938133796e+03 12.1219603170678 13.3196596035309
8.98117860960746e+03 12.005390361384 13.1541995990147
9.05037692151764e+03 11.8886464792821 12.9879161415904
9.12010839355962e+03 11.7717281148155 12.8208216191252
9.19037713363312e+03 11.6546347472659 12.6529282567954
9.26118728128847e+03 11.537365890327 12.4842481150907
9.33254300797045e+03 11.4199210912886 12.314793087912
9.40444851726406e+03 11.3022999302205 12.1445749007627
9.47690804514214e+03 11.1845020191582 11.9736051090347
9.54992586021491e+03 11.0665270012887 11.8018950963872
9.62350626398144e+03 10.9483745501386 11.6294560732202
9.69765359108305e+03 10.8300443687625 11.4562990752426
9.77237220955867e+03 10.7115361889345 11.2824349621323
9.84766652110215e+03 10.5928497703412 11.1078744162925
9.92354096132158e+03 10.4739848997766 10.9326279416993
1.00000000000006e+04 10.3549413903406 10.7567058628441
1.00770481413616e+04 10.2357190806396 10.5801183237677
1.01546899243314e+04 10.1163178339906 10.4028752871877
1.02329299228081e+04 9.99673753762834 10.2249865337171
1.03117727459312e+04 9.87697810191654 10.0464616611747
1.03912230383523e+04 9.75703945956254 9.86731008398628
1.04712854805096e+04 9.63692156483633 9.6875410326758
1.05519647889030e+04 9.51662439279389 9.50716355344609
1.06332657163722e+04 9.39614793850502 9.32618650784798
1.07151930523767e+04 9.27549221628621 9.14461857253796
1.07977516232777e+04 9.15465725893828 8.96246823912194
1.08809462926229e+04 9.03364311698958 8.77974381408594
1.09647819614325e+04 8.91244985794446 8.59645341881138
1.10492635684882e+04 8.7910775655376 8.4126049896749
1.11343960906243e+04 8.66952633899419 8.22820627823131
1.12201845430203e+04 8.54779629229623 8.04326485147837
1.13066339794971e+04 8.4258875534552 7.85778809220296
1.13937494928140e+04 8.30380026379115 7.67178319940699
1.14815362149695e+04 8.18153457721862 7.4852571888118
1.15699993175028e+04 8.05909065953922 7.29821689344052
1.16591440117990e+04 7.93646868774155 7.11066896427655
1.17489755493960e+04 7.81366884930804 6.92261987099693
1.18394992222937e+04 7.69069134152943 6.73407590277997
1.19307203632660e+04 7.5675363708265 6.54504316918498
1.20226443461748e+04 7.44420415207978 6.35552760110362
1.21152765862866e+04 7.32069490796688 6.16553495178089
1.22086225405914e+04 7.19700886830779 5.97507079790479
1.23026877081245e+04 7.07314626941842 5.78414054076346
1.23974776302902e+04 6.94910735347214 5.59274940746779
1.24929978911881e+04 6.82489236786985 5.40090245223893
1.25892541179424e+04 6.70050156461831 5.20860455775872
1.26862519810334e+04 6.57593519971717 5.01586043658206
1.27839971946310e+04 6.45119353255456 4.82267463260957
1.28824955169321e+04 6.32627682531141 4.62905152261929
1.29817527504993e+04 6.20118534237467 4.43499531785597
1.30817747426027e+04 6.0759193497593 4.24051006567681
1.31825673855649e+04 5.95047911453944 4.04559965125162
1.32841366171073e+04 5.82486490428843 3.85026779931699
1.33864884207007e+04 5.69907698652805 3.65451807598214
1.34896288259174e+04 5.57311562818695 3.45835389058575
1.35935639087861e+04 5.44698109506822 3.26177849760214
1.36982997921505e+04 5.32067365132635 3.06479499859531
1.38038426460297e+04 5.19419355895343 2.86740634421995
1.39101986879814e+04 5.06754107727469 2.66961533626756
1.40173741834686e+04 4.94071646245358 2.47142462975676
1.41253754462284e+04 4.81371996700604 2.27283673506623
1.42342088386443e+04 4.68655183932445 2.07385402010917
1.43438807721205e+04 4.55921232321093 1.87447871254796
1.44543977074602e+04 4.43170165742009 1.6747129020475
1.45657661552455e+04 4.30402007521144 1.47455854256654
1.46779926762216e+04 4.17616780391115 1.27401745468513
1.47910838816830e+04 4.04814506448335 1.07309132796749
1.49050464338629e+04 3.91995207111111 0.871781723358729
1.50198870463258e+04 3.79158903078671 0.670090075614562
1.51356124843630e+04 3.66305614291161 0.468017695762532
1.52522295653911e+04 3.53435359890581 0.265565773594023
1.53697451593537e+04 3.40548158182682 0.0627353801852686
1.54881661891258e+04 3.27644026599805 -0.140472529552813
1.56074996309221e+04 3.14722981664666 -0.344057114298019
1.57277525147076e+04 3.01785038955096 -0.548017643713779
1.58489319246121e+04 2.88830213069719 -0.752353495821184
1.59710449993470e+04 2.75858517594576 -0.957064154346769
1.60940989326263e+04 2.62869965070689 -1.16214920604732
1.62181009735903e+04 2.49864566962556 -1.36760833801247
1.63430584272324e+04 2.36842333627601 -1.57344133494634
1.64689786548297e+04 2.23803274286536 -1.77964807642889
1.65958690743766e+04 2.10747396994669 -1.98622853415801
1.67237371610218e+04 1.97674708614132 -2.19318276917345
1.68525904475086e+04 1.84585214787042 -2.40051092906305
1.69824365246185e+04 1.7147891990958 -2.60821324515273
1.71132830416189e+04 1.58355827106988 -2.81629002968055
1.72451377067131e+04 1.45215938209494 -3.02474167295602
1.73780082874948e+04 1.32059253729134 -3.23356864050551
1.75119026114057e+04 1.18885772837505 -3.4427714702042
1.76468285661961e+04 1.05695493344416 -3.65235076939586
1.77827941003903e+04 0.924884116774382 -3.86230721200093
1.79198072237545e+04 0.792645228623762 -4.07264153561381
1.80578760077683e+04 0.66023820504626 -4.28335453858991
1.81970085861010e+04 0.527662967714295 -4.4944470771236
1.83372131550900e+04 0.394919423750332 -4.70592006231737
1.84784979742241e+04 0.262007465567342 -4.91777445724312
1.86208713666298e+04 0.12892697071811 -5.13001127399646
1.87643417195620e+04 -0.00432219824654855 -5.34263157074427
1.89089174848976e+04 -0.13774019391065 -5.55563644876677
1.90546071796337e+04 -0.271327184117249 -5.76902704949425
1.92014193863892e+04 -0.405083352083688 -5.98280455153959
1.93493627539108e+04 -0.539008896508182 -6.19697016772702
1.94984459975817e+04 -0.673104031667559 -6.41152514211766
1.96486778999359e+04 -0.807368987506346 -6.6264707470329
1.98000673111751e+04 -0.941804009717054 -6.84180828007585
1.99526231496901e+04 -1.07640935981183 -7.05753906115183
2.01063544025862e+04 -1.2111853151854 -7.27366442948838
2.02612701262127e+04 -1.34613216916934 -7.49018574065549
2.04173794466966e+04 -1.48125023107768 -7.70710436358677
2.05746915604797e+04 -1.61653982624391 -7.92442167760212
2.07332157348609e+04 -1.75200129604931 -8.14213906943256
2.08929613085417e+04 -1.88763499794269 -8.36025793024798
2.10539376921769e+04 -2.02344130545152 -8.57877965268839
2.12161543689282e+04 -2.15942060818447 -8.79770562789929
2.13796208950237e+04 -2.29557331182534 -9.01703724257194
2.15443469003202e+04 -2.43189983811846 -9.2367758759892
2.17103420888709e+04 -2.5684006248454 -9.45692289707748
2.18776162394969e+04 -2.7050761257933 -9.67747966146562
2.20461792063633e+04 -2.84192681071443 -9.89844750855139
2.22160409195596e+04 -2.97895316527741 -10.1198277585763
2.23872113856848e+04 -3.11615569100965 -10.3416217097095
2.25597006884372e+04 -3.25353490523145 -10.563830635141
2.27335189892078e+04 -3.39109134098142 -10.7864557801861
2.29086765276792e+04 -3.52882554693344 -11.0094983594004
2.30851836224291e+04 -3.66673808730499 -11.2329595537073
2.32630506715378e+04 -3.80482954175711 -11.4568405075375
2.34422881532007e+04 -3.94310050528564 -11.6811423259834
2.36229066263462e+04 -4.08155158810408 -11.9058660719661
2.38049167312567e+04 -4.22018341551788 -12.1310127634192
2.39883291901965e+04 -4.35899662779017 -12.3565833704875
2.41731548080426e+04 -4.49799187999908 -12.5825788127432
2.43594044729219e+04 -4.63716984188649 -12.8089999564193
2.45470891568519e+04 -4.77653119769826 -13.0358476116619
2.47362199163878e+04 -4.91607664601607 -13.2631225298022
2.49268078932734e+04 -5.05580689958068 -13.4908254006481
2.51188643150975e+04 -5.19572268510682 -13.7189568497982
2.53124004959553e+04 -5.33582474308947 -13.947517435977
2.55074278371153e+04 -5.47611382760195 -14.1765076483942
2.57039578276903e+04 -5.61659070608535 -14.4059279041276
2.59020020453149e+04 -5.75725615912964 -14.6357785455317
2.61015721568271e+04 -5.89811098024648 -14.866059837672
2.63026799189556e+04 -6.03915597563352 -15.0967719657873
2.65053371790126e+04 -6.18039196393051 -15.3279150327793
2.67095558755916e+04 -6.32181977596698 -15.5594890567328
2.69153480392709e+04 -6.4634402545017 -15.7914939684652
2.71227257933221e+04 -6.60525425395395 -16.0239296091084
2.73317013544242e+04 -6.7472626401265 -16.2567957277229
2.75422870333835e+04 -6.88946628992047 -16.4900919789462
2.77544952358590e+04 -7.03186609104206 -16.7238179206756
2.79683384630926e+04 -7.17446294170127 -16.9579730117878
2.81838293126464e+04 -7.3172577503025 -17.1925566098951
2.84009804791440e+04 -7.46025143512733 -17.4275679691407
2.86198047550190e+04 -7.60344492400924 -17.6630062380337
2.88403150312680e+04 -7.74683915400071 -17.8988704573243
2.90625242982106e+04 -7.89043507103236 -18.1351595579227
2.92864456462543e+04 -8.03423362956454 -18.3718723588593
2.95120922666658e+04 -8.17823579223128 -18.6090075652919
2.97394774523481e+04 -8.32244252947676 -18.8465637665569
2.99686145986233e+04 -8.46685481918429 -19.0845394342688
3.01995172040222e+04 -8.61147364629808 -19.322932920468
3.04321988710793e+04 -8.75630000243767 -19.5617424558179
3.06666733071339e+04 -8.90133488550538 -19.8009661478537
3.09029543251380e+04 -9.04657929928669 -20.0406019792832
3.11410558444697e+04 -9.19203425304372 -20.2806478063411
3.13809918917534e+04 -9.33770076110215 -20.5211013571983
3.16227766016859e+04 -9.48357984243126 -20.761960230428
3.18664242178695e+04 -9.6296725202178 -21.0032218935279
3.21119490936504e+04 -9.77597982143334 -21.2448836815028
3.23593656929650e+04 -9.9225027763955 -21.4869427955059
3.26086885911915e+04 -10.0692424183233 -21.7293963015423
3.28599324760088e+04 -10.2161997828867 -21.9722411292346
3.31131121482614e+04 -10.36337590775 -22.2154740706524
3.33682425228317e+04 -10.5107718321106 -22.4590917792066
3.36253386295186e+04 -10.6583885962319 -22.7030907686108
3.38844156139226e+04 -10.8062272409714 -22.9474674119088
3.41454887383383e+04 -10.9542888073035 -23.192217940572
3.44085733826537e+04 -11.1025743358382 -23.4373384436658
3.46736850452555e+04 -11.2510848663352 -23.6828248670868
3.49408393439431e+04 -11.3998214372133 -23.9286730128731
3.52100520168476e+04 -11.5487850850569 -24.1748785385861
3.54813389233600e+04 -11.6979768441173 -24.4214369567676
3.57547160450646e+04 -11.8473977458119 -24.668343634472
3.60301994866810e+04 -11.9970488182194 -24.9155937928737
3.63078054770126e+04 -12.1469310855721 -25.1631825069529
3.65875503699028e+04 -12.2970455677455 -25.4111047052581
3.68694506451983e+04 -12.4473932797461 -25.6593551697484
3.71535229097198e+04 -12.5979752311959 -25.9079285357155
3.74397838982407e+04 -12.748792425816 -26.1568192917849
3.77282504744726e+04 -12.8998458609083 -26.4060217800003
3.80189396320587e+04 -13.0511365268359 -26.6555301959878
3.83118684955755e+04 -13.2026654065026 -26.9053385892044
3.86070543215408e+04 -13.3544334748319 -27.1554408632683
3.89045144994308e+04 -13.5064416982454 -27.4058307763737
3.92042665527043e+04 -13.6586910341414 -27.6565019417888
3.95063281398351e+04 -13.8111824303738 -27.9074478284392
3.98107170553525e+04 -13.9639168247318 -28.1586617615757
4.01174512308890e+04 -14.11689514442 -28.410136923527
4.04265487362373e+04 -14.270118305541 -28.661866354538
4.07380277804141e+04 -14.4235872125783 -28.913842953694
4.10519067127337e+04 -14.5773027578823 -29.1660594799295
4.13682040238880e+04 -14.7312658211583 -29.4185085531235
4.16869383470365e+04 -14.8854772689573 -29.6711826552797
4.20081284589036e+04 -15.0399379541696 -29.9240741317928
4.23317932808851e+04 -15.1946487155223 -30.1771751927993
4.26579518801623e+04 -15.3496103770807 -30.4304779146135
4.29866234708258e+04 -15.504823747753 -30.6839742412484
4.33178274150072e+04 -15.660289620801 -30.9376559860203
4.36515832240197e+04 -15.816008773354 -31.1915148332373
4.39879105595074e+04 -15.9719819659295 -31.445542339971
4.43268292346040e+04 -16.1282099419589 -31.69972993791
4.46683592150995e+04 -16.2846934273186 -31.954068935296
4.50125206206165e+04 -16.4414331298685 -32.2085505189398
4.53593337257960e+04 -16.5984297389968 -32.4631657563181
4.57088189614907e+04 -16.7556839251717 -32.7179055977488
4.60609969159699e+04 -16.9131963395002 -32.972760878644
4.64158883361311e+04 -17.0709676132961 -33.2277223218401
4.67735141287231e+04 -17.228998357654 -33.482780540004
4.71338953615774e+04 -17.3872891630338 -33.7379260381122
4.74970532648489e+04 -17.5458405988525 -33.9931492160038
4.78630092322672e+04 -17.7046532130857 -34.2484403710046
4.82317848223965e+04 -17.863727531879 -34.5037897006215
4.86034017599056e+04 -18.0230640591682 -34.7591873053043
4.89778819368481e+04 -18.1826632763104 -35.014623191275
4.93552474139516e+04 -18.3425256417249 -35.270087273421
4.97355204219175e+04 -18.5026515905453 -35.5255693782527
5.01187233627308e+04 -18.6630415342822 -35.7810592469208
5.05048788109795e+04 -18.8236958604973 -36.0365465382934
5.08940095151845e+04 -18.9846149324889 -36.2920208320904
5.12861383991402e+04 -19.1457990889893 -36.5474716320725
5.16812885632641e+04 -19.3072486438745 -36.8028883692833
5.20794832859584e+04 -19.4689638858855 -37.058260405342
5.24807460249810e+04 -19.6309450783626 -37.3135770357846
5.28851004188276e+04 -19.7931924589927 -37.5688274934504
5.32925702881239e+04 -19.9557062395687 -37.8240009519137
5.37031796370292e+04 -20.1184866057628 -38.0790865289549
5.41169526546503e+04 -20.281533716913 -38.3340732900715
5.45339137164667e+04 -20.4448477058225 -38.5889502520249
5.49540873857664e+04 -20.6084286785737 -38.8437063864209
5.53774984150930e+04 -20.7722767143555 -39.0983306233212
5.58041717477037e+04 -20.9363918653041 -39.3528118548831
5.62341325190390e+04 -21.1007741563591 -39.6071389390251
5.66674060582032e+04 -21.2654235851323 -39.8613007031158
5.71040178894568e+04 -21.4303401217921 -40.1152859476821
5.75439937337199e+04 -21.5955237089614 -40.369083450136
5.79873595100873e+04 -21.76097426163 -40.6226819685156
5.84341413373560e+04 -21.9266916670822 -40.8760702452378
5.88843655355632e+04 -22.0926757848378 -41.129237010861
5.93380586275371e+04 -22.2589264466085 -41.3821709878531
5.97952473404596e+04 -22.4254434562686 -41.6348608943644
6.02559586074402e+04 -22.5922265898399 -41.8872954479995
6.07202195691033e+04 -22.759275595492 -42.1394633695894
6.11880575751867e+04 -22.9265901935558 -42.3913533869563
6.16595001861527e+04 -23.0941700765527 -42.6429542386728
6.21345751748121e+04 -23.2620149092375 -42.8942546778097
6.26133105279599e+04 -23.4301243286556 -43.1452434756709
6.30957344480240e+04 -23.5984979442149 -43.3959094255123
6.35818753547270e+04 -23.7671353377711 -43.6462413462428
6.40717618867601e+04 -23.9360360637279 -43.8962280861027
6.45654229034703e+04 -24.1051996491501 -44.1458585263199
6.50628874865605e+04 -24.2746255938912 -44.3951215847382
6.55641849418027e+04 -24.4443133707342 -44.6440062194174
6.60693448007645e+04 -24.6142624255457 -44.8925014322016
6.65783968225486e+04 -24.784472177444 -45.1405962722531
6.70913709955461e+04 -24.9549420189789 -45.3882798395504
6.76082975392032e+04 -25.1256713163256 -45.6355412883466
6.81292069058012e+04 -25.2966594094904 -45.8823698305876
6.86541297822506e+04 -25.4679056125295 -46.1287547392856
6.91830970918988e+04 -25.6394092137789 -46.374685351848
6.97161399963519e+04 -25.8111694760974 -46.6201510733576
7.02532898973104e+04 -25.9831856371203 -46.8651413798035
7.07945784384191e+04 -26.1554569095251 -47.1096458212596
7.13400375071309e+04 -26.327982481308 -47.3536540250096
7.18896992365861e+04 -26.5007615160711 -47.5971556986155
7.24435960075044e+04 -26.6737931533204 -47.8401406329294
7.30017604500933e+04 -26.847076508774 -48.0825987050453
7.35642254459696e+04 -27.02061067468 -48.3245198811898
7.41310241300973e+04 -27.1943947201442 -48.5658942195508
7.47021898927388e+04 -27.368427691467 -48.8067118730415
7.52777563814223e+04 -27.5427086124892 -49.0469630919988
7.58577575029241e+04 -27.7172364849463 -49.2866382268156
7.64422274252658e+04 -27.8920102888316 -49.5257277305038
7.70312005797273e+04 -28.0670289827669 -49.7642221611887
7.76247116628750e+04 -28.2422915043803 -50.0021121845325
7.82227956386062e+04 -28.4177967706922 -50.2393885760864
7.88254877402081e+04 -28.5935436785074 -50.4760422235703
7.94328234724341e+04 -28.7695311048146 -50.7120641290793
8.00448386135952e+04 -28.9457579071907 -50.9474454112154
8.06615692176674e+04 -29.1222229242126 -51.1821773071455
8.12830516164161e+04 -29.2989249758731 -51.4162511745826
8.19093224215359e+04 -29.4758628640027 -51.6496584936924
8.25404185268081e+04 -29.6530353726958 -51.8823908689225
8.31763771102734e+04 -29.8304412687415 -52.114440030755
8.38172356364226e+04 -30.0080793020582 -52.3457978373825
8.44630318584033e+04 -30.185948206132 -52.5764562763062
8.51138038202441e+04 -30.3640466984587 -52.8064074658564
8.57695898590959e+04 -30.542373480988 -53.0356436566365
8.64304286074902e+04 -30.7209272405715 -53.2641572328883
8.70963589956147e+04 -30.8997066494116 -53.4919407137803
8.77674202536073e+04 -31.0787103655135 -53.7189867546195
8.84436519138667e+04 -31.2579370331382 -53.9452881479846
8.91250938133814e+04 -31.4373852832567 -54.1708378247839
8.98117860960763e+04 -31.6170537340058 -54.395628855236
9.05037692151782e+04 -31.7969409911432 -54.6196544497751
9.12010839355980e+04 -31.9770456485047 -54.8429079598802
9.19037713363330e+04 -32.1573662884594 -55.0653828788303
9.26118728128864e+04 -32.337901482366 -55.2870728423844
9.33254300797063e+04 -32.518649791028 -55.5079716293885
9.40444851726424e+04 -32.6996097651476 -55.7280731623095
9.47690804514232e+04 -32.8807799457789 -55.9473715076975
9.54992586021509e+04 -33.062158864779 -56.1658608765759
9.62350626398163e+04 -33.243745045258 -56.3835356247624
9.69765359108324e+04 -33.4255370020263 -56.6003902531197
9.77237220955886e+04 -33.6075332420399 -56.8164194077378
9.84766652110234e+04 -33.7897322648428 -57.0316178800499
9.92354096132177e+04 -33.9721325630069 -57.2459806068806
1.00000000000000e+05 -34.154732622567 -57.4595026704278
