time	V(n024)
0.000000000000000e+00	5.010478e+00
9.999999994736442e-09	5.010478e+00
2.999999999808711e-08	5.010478e+00
2.000000000057511e-07	5.010478e+00
2.000001000090901e-07	5.010478e+00
2.000003000157680e-07	5.010478e+00
2.000004950680756e-07	5.010478e+00
2.000007111174762e-07	5.010478e+00
2.000010000113850e-07	5.010478e+00
2.000010346364656e-07	5.010478e+00
2.000011039005045e-07	5.010478e+00
2.000012424147046e-07	5.010478e+00
2.000015194431048e-07	5.010478e+00
2.000020734999053e-07	5.010478e+00
2.000027823773065e-07	5.010478e+00
2.000036588706289e-07	5.010478e+00
2.000047374245417e-07	5.010478e+00
2.000062575419070e-07	5.010478e+00
2.000081906483597e-07	5.010478e+00
2.000108203087381e-07	5.010478e+00
2.000143371344576e-07	5.010479e+00
2.000178272315578e-07	5.010479e+00
2.000218938674747e-07	5.010479e+00
2.000257967038621e-07	5.010479e+00
2.000292993881159e-07	5.010479e+00
2.000330983770171e-07	5.010480e+00
2.000367581439511e-07	5.010480e+00
2.000415730424310e-07	5.010480e+00
2.000468074525585e-07	5.010480e+00
2.000537722701701e-07	5.010481e+00
2.000619499231693e-07	5.010481e+00
2.000739455776390e-07	5.010482e+00
2.000913416760897e-07	5.010483e+00
2.001261338729909e-07	5.010484e+00
2.001758547393040e-07	5.010487e+00
2.002390030869661e-07	5.010490e+00
2.003575924752754e-07	5.010496e+00
2.005307079555596e-07	5.010505e+00
2.008293669836236e-07	5.010520e+00
2.011534371293422e-07	5.010536e+00
2.015068097382944e-07	5.010553e+00
2.019503596573102e-07	5.010576e+00
2.026575863789404e-07	5.010611e+00
2.037690207262743e-07	5.010666e+00
2.059918894348201e-07	5.010777e+00
2.095037201499395e-07	5.010953e+00
2.141248382353522e-07	5.011184e+00
2.202012577279255e-07	5.011487e+00
2.291462358194885e-07	5.011934e+00
2.456356025803963e-07	5.012756e+00
2.641403582664958e-07	5.013676e+00
3.011498696386949e-07	5.015507e+00
3.751688923969709e-07	5.019135e+00
4.559688923932992e-07	5.023040e+00
5.367688923896274e-07	5.026875e+00
6.175688923859557e-07	5.030627e+00
6.983688923822839e-07	5.034293e+00
7.791688923786122e-07	5.037868e+00
8.599688923749405e-07	5.041348e+00
9.407688923712687e-07	5.044731e+00
1.021568892367597e-06	5.048017e+00
1.102368892363925e-06	5.051203e+00
1.183168892360253e-06	5.054290e+00
1.263968892356582e-06	5.057278e+00
1.344768892352910e-06	5.060167e+00
1.425568892349238e-06	5.062957e+00
1.506368892345566e-06	5.065649e+00
1.587168892341895e-06	5.068243e+00
1.667968892338223e-06	5.070741e+00
1.748768892334551e-06	5.073143e+00
1.829568892330879e-06	5.075450e+00
1.910368892327208e-06	5.077662e+00
1.991168892323536e-06	5.079782e+00
2.071968892319864e-06	5.081810e+00
2.152768892316193e-06	5.083747e+00
2.233568892312521e-06	5.085595e+00
2.314368892308849e-06	5.087353e+00
2.395168892305177e-06	5.089024e+00
2.475968892301506e-06	5.090609e+00
2.556768892297834e-06	5.092107e+00
2.637568892294162e-06	5.093521e+00
2.718368892290490e-06	5.094852e+00
2.799168892286819e-06	5.096100e+00
2.879968892283147e-06	5.097267e+00
2.960768892279475e-06	5.098354e+00
3.041568892275803e-06	5.099361e+00
3.122368892272132e-06	5.100290e+00
3.203168892268460e-06	5.101142e+00
3.283968892264788e-06	5.101918e+00
3.364768892261116e-06	5.102618e+00
3.445568892257445e-06	5.103244e+00
3.526368892253773e-06	5.103796e+00
3.607168892250101e-06	5.104277e+00
3.687968892246429e-06	5.104685e+00
3.768768892242758e-06	5.105022e+00
3.849568892239086e-06	5.105290e+00
3.930368892235414e-06	5.105489e+00
4.011168892231742e-06	5.105620e+00
4.091968892228071e-06	5.105684e+00
4.172768892224399e-06	5.105682e+00
4.253568892220727e-06	5.105614e+00
4.334368892217055e-06	5.105482e+00
4.415168892213384e-06	5.105286e+00
4.495968892209712e-06	5.105026e+00
4.576768892206040e-06	5.104705e+00
4.657568892202368e-06	5.104322e+00
4.738368892198697e-06	5.103878e+00
4.819168892195025e-06	5.103375e+00
4.899968892191353e-06	5.102813e+00
4.980768892187681e-06	5.102192e+00
5.061568892184010e-06	5.101513e+00
5.142368892180338e-06	5.100778e+00
5.223168892176666e-06	5.099987e+00
5.303968892172994e-06	5.099140e+00
5.384768892169323e-06	5.098238e+00
5.465568892165651e-06	5.097282e+00
5.546368892161979e-06	5.096273e+00
5.627168892158307e-06	5.095212e+00
5.707968892154636e-06	5.094099e+00
5.788768892150964e-06	5.092935e+00
5.869568892147292e-06	5.091721e+00
5.950368892143620e-06	5.090456e+00
6.031168892139949e-06	5.089143e+00
6.111968892136277e-06	5.087781e+00
6.192768892132605e-06	5.086372e+00
6.273568892128933e-06	5.084917e+00
6.354368892125262e-06	5.083415e+00
6.435168892121590e-06	5.081868e+00
6.515968892117918e-06	5.080277e+00
6.596768892114246e-06	5.078643e+00
6.677568892110575e-06	5.076966e+00
6.758368892106903e-06	5.075247e+00
6.839168892103231e-06	5.073488e+00
6.919968892099559e-06	5.071690e+00
7.000768892095888e-06	5.069852e+00
7.081568892092216e-06	5.067978e+00
7.162368892088544e-06	5.066068e+00
7.243168892084872e-06	5.064124e+00
7.323968892081201e-06	5.062147e+00
7.404768892077529e-06	5.060139e+00
7.485568892073857e-06	5.058103e+00
7.566368892070185e-06	5.056039e+00
7.647168892066514e-06	5.053952e+00
7.727968892062842e-06	5.051844e+00
7.808768892059170e-06	5.049716e+00
7.889568892055498e-06	5.047575e+00
7.970368892051827e-06	5.045423e+00
8.051168892048155e-06	5.043264e+00
8.131968892044483e-06	5.041103e+00
8.212768892040812e-06	5.038946e+00
8.293568892037140e-06	5.036797e+00
8.374368892033468e-06	5.034663e+00
8.455168892029796e-06	5.032550e+00
8.535968892026125e-06	5.030464e+00
8.616768892022453e-06	5.028412e+00
8.697568892018781e-06	5.026401e+00
8.778368892015109e-06	5.024435e+00
8.859168892011438e-06	5.022522e+00
8.939968892007766e-06	5.020668e+00
9.020768892004094e-06	5.018878e+00
9.101568892000422e-06	5.017155e+00
9.182368891996751e-06	5.015505e+00
9.263168891993079e-06	5.013931e+00
9.343968891989407e-06	5.012436e+00
9.424768891985735e-06	5.011022e+00
9.505568891982064e-06	5.009689e+00
9.586368891978392e-06	5.008439e+00
9.667168891974720e-06	5.007272e+00
9.747968891971048e-06	5.006187e+00
9.828768891967377e-06	5.005184e+00
9.909568891963705e-06	5.004261e+00
9.990368891960033e-06	5.003417e+00
1.007116889195636e-05	5.002648e+00
1.015196889195269e-05	5.001954e+00
1.023276889194902e-05	5.001330e+00
1.031356889194535e-05	5.000776e+00
1.039436889194167e-05	5.000287e+00
1.047516889193800e-05	4.999860e+00
1.055596889193433e-05	4.999494e+00
1.063676889193066e-05	4.999183e+00
1.071756889192699e-05	4.998926e+00
1.079836889192332e-05	4.998719e+00
1.087916889191964e-05	4.998560e+00
1.095996889191597e-05	4.998445e+00
1.104076889191230e-05	4.998371e+00
1.112156889190863e-05	4.998337e+00
1.120236889190496e-05	4.998338e+00
1.128316889190129e-05	4.998372e+00
1.136396889189761e-05	4.998436e+00
1.144476889189394e-05	4.998529e+00
1.152556889189027e-05	4.998648e+00
1.160636889188660e-05	4.998790e+00
1.168716889188293e-05	4.998953e+00
1.176796889187925e-05	4.999135e+00
1.184876889187558e-05	4.999335e+00
1.192956889187191e-05	4.999551e+00
1.201036889186824e-05	4.999780e+00
1.209116889186457e-05	5.000020e+00
1.217196889186090e-05	5.000271e+00
1.225276889185722e-05	5.000530e+00
1.233356889185355e-05	5.000797e+00
1.241436889184988e-05	5.001070e+00
1.249516889184621e-05	5.001348e+00
1.257596889184254e-05	5.001630e+00
1.265676889183887e-05	5.001913e+00
1.273756889183519e-05	5.002198e+00
1.281836889183152e-05	5.002484e+00
1.289916889182785e-05	5.002769e+00
1.297996889182418e-05	5.003053e+00
1.306076889182051e-05	5.003335e+00
1.314156889181683e-05	5.003614e+00
1.322236889181316e-05	5.003890e+00
1.330316889180949e-05	5.004162e+00
1.338396889180582e-05	5.004429e+00
1.346476889180215e-05	5.004691e+00
1.354556889179848e-05	5.004948e+00
1.362636889179480e-05	5.005199e+00
1.370716889179113e-05	5.005444e+00
1.378796889178746e-05	5.005682e+00
1.386876889178379e-05	5.005914e+00
1.394956889178012e-05	5.006138e+00
1.403036889177645e-05	5.006355e+00
1.411116889177277e-05	5.006565e+00
1.419196889176910e-05	5.006768e+00
1.427276889176543e-05	5.006963e+00
1.435356889176176e-05	5.007150e+00
1.443436889175809e-05	5.007329e+00
1.451516889175442e-05	5.007501e+00
1.459596889175074e-05	5.007665e+00
1.467676889174707e-05	5.007822e+00
1.475756889174340e-05	5.007970e+00
1.483836889173973e-05	5.008111e+00
1.491916889173606e-05	5.008245e+00
1.499996889173238e-05	5.008372e+00
1.508076889172871e-05	5.008491e+00
1.516156889172504e-05	5.008603e+00
1.524236889172137e-05	5.008708e+00
1.532316889171770e-05	5.008807e+00
1.540396889171403e-05	5.008899e+00
1.548476889171035e-05	5.008985e+00
1.556556889170668e-05	5.009064e+00
1.564636889170301e-05	5.009138e+00
1.572716889169934e-05	5.009205e+00
1.580796889169567e-05	5.009268e+00
1.588876889169200e-05	5.009325e+00
1.596956889168832e-05	5.009377e+00
1.605036889168465e-05	5.009424e+00
1.613116889168098e-05	5.009466e+00
1.621196889167731e-05	5.009504e+00
1.629276889167364e-05	5.009538e+00
1.637356889166997e-05	5.009568e+00
1.645436889166629e-05	5.009594e+00
1.653516889166262e-05	5.009617e+00
1.661596889165895e-05	5.009636e+00
1.669676889165528e-05	5.009653e+00
1.677756889165161e-05	5.009666e+00
1.685836889164793e-05	5.009678e+00
1.693916889164426e-05	5.009686e+00
1.701996889164059e-05	5.009693e+00
1.710076889163692e-05	5.009698e+00
1.718156889163325e-05	5.009701e+00
1.726236889162958e-05	5.009702e+00
1.734316889162590e-05	5.009702e+00
1.742396889162223e-05	5.009701e+00
1.750476889161856e-05	5.009699e+00
1.758556889161489e-05	5.009696e+00
1.766636889161122e-05	5.009691e+00
1.774716889160755e-05	5.009687e+00
1.782796889160387e-05	5.009682e+00
1.790876889160020e-05	5.009676e+00
1.798956889159653e-05	5.009671e+00
1.807036889159286e-05	5.009665e+00
1.815116889158919e-05	5.009659e+00
1.823196889158551e-05	5.009654e+00
1.831276889158184e-05	5.009648e+00
1.839356889157817e-05	5.009643e+00
1.847436889157450e-05	5.009638e+00
1.855516889157083e-05	5.009634e+00
1.863596889156716e-05	5.009630e+00
1.871676889156348e-05	5.009626e+00
1.879756889155981e-05	5.009624e+00
1.887836889155614e-05	5.009622e+00
1.895916889155247e-05	5.009620e+00
1.903996889154880e-05	5.009619e+00
1.912076889154513e-05	5.009619e+00
1.920156889154145e-05	5.009620e+00
1.928236889153778e-05	5.009621e+00
1.936316889153411e-05	5.009623e+00
1.944396889153044e-05	5.009626e+00
1.952476889152677e-05	5.009630e+00
1.960556889152310e-05	5.009634e+00
1.968636889151942e-05	5.009639e+00
1.976716889151575e-05	5.009645e+00
1.984796889151208e-05	5.009652e+00
1.992876889150841e-05	5.009659e+00
2.000956889150474e-05	5.009667e+00
2.009036889150106e-05	5.009676e+00
2.017116889149739e-05	5.009686e+00
2.019999999999800e-05	5.009689e+00
