VIN	V(vo)
0.000000000000000e+00	4.342467e-10
1.000000000000000e-01	1.470512e-06
2.000000000000000e-01	2.172289e-05
3.000000000000000e-01	3.929001e-04
4.000000000000000e-01	1.007291e-02
5.000000000000000e-01	6.294561e-02
6.000000000000001e-01	1.412217e-01
7.000000000000001e-01	2.276731e-01
8.000000000000000e-01	3.177521e-01
9.000000000000000e-01	4.098520e-01
1.000000000000000e+00	5.032333e-01
1.100000000000000e+00	5.975015e-01
1.200000000000000e+00	6.924201e-01
1.300000000000000e+00	7.878370e-01
1.400000000000000e+00	8.836454e-01
1.500000000000000e+00	9.797776e-01
1.600000000000000e+00	1.076175e+00
1.700000000000000e+00	1.172796e+00
1.800000000000000e+00	1.269608e+00
1.900000000000000e+00	1.366587e+00
2.000000000000000e+00	1.463710e+00
2.100000000000000e+00	1.560961e+00
2.200000000000000e+00	1.658326e+00
2.300000000000000e+00	1.755794e+00
2.400000000000000e+00	1.853354e+00
2.500000000000000e+00	1.950997e+00
2.600000000000000e+00	2.048716e+00
2.700000000000000e+00	2.146505e+00
2.800000000000000e+00	2.244359e+00
2.900000000000000e+00	2.342271e+00
3.000000000000000e+00	2.440238e+00
3.100000000000000e+00	2.538256e+00
3.200000000000000e+00	2.636322e+00
3.300000000000000e+00	2.734432e+00
3.400000000000000e+00	2.832583e+00
3.500000000000000e+00	2.930773e+00
3.600000000000000e+00	3.029000e+00
3.700000000000000e+00	3.127261e+00
3.800000000000000e+00	3.225555e+00
3.900000000000000e+00	3.323880e+00
4.000000000000000e+00	3.422234e+00
4.100000000000001e+00	3.520616e+00
4.200000000000000e+00	3.619025e+00
4.300000000000000e+00	3.717458e+00
4.400000000000000e+00	3.815915e+00
4.500000000000000e+00	3.914395e+00
4.600000000000001e+00	4.012894e+00
4.700000000000000e+00	4.111407e+00
4.800000000000001e+00	4.209904e+00
4.900000000000000e+00	4.308259e+00
5.000000000000000e+00	4.405921e+00
5.100000000000001e+00	4.500654e+00
5.200000000000000e+00	4.585753e+00
5.300000000000001e+00	4.652050e+00
5.400000000000000e+00	4.698732e+00
5.500000000000000e+00	4.731866e+00
5.600000000000001e+00	4.756692e+00
5.700000000000000e+00	4.776299e+00
5.800000000000001e+00	4.792445e+00
5.900000000000000e+00	4.806170e+00
6.000000000000000e+00	4.818124e+00
6.100000000000001e+00	4.828733e+00
6.200000000000000e+00	4.838292e+00
6.300000000000001e+00	4.847010e+00
6.400000000000000e+00	4.855041e+00
6.500000000000000e+00	4.862502e+00
6.600000000000001e+00	4.869480e+00
6.700000000000000e+00	4.876046e+00
6.800000000000001e+00	4.882258e+00
6.900000000000000e+00	4.888162e+00
7.000000000000000e+00	4.893795e+00
7.100000000000001e+00	4.899187e+00
7.200000000000000e+00	4.904366e+00
7.300000000000001e+00	4.909354e+00
7.400000000000000e+00	4.914170e+00
7.500000000000000e+00	4.918829e+00
7.600000000000001e+00	4.923347e+00
7.700000000000000e+00	4.927737e+00
7.800000000000001e+00	4.932007e+00
7.900000000000000e+00	4.936169e+00
8.000000000000000e+00	4.940231e+00
8.100000000000000e+00	4.944201e+00
8.200000000000001e+00	4.948084e+00
8.300000000000001e+00	4.951888e+00
8.400000000000000e+00	4.955617e+00
8.500000000000000e+00	4.959278e+00
8.600000000000000e+00	4.962873e+00
8.700000000000001e+00	4.966408e+00
8.800000000000001e+00	4.969887e+00
8.900000000000000e+00	4.973311e+00
9.000000000000000e+00	4.976686e+00
9.100000000000000e+00	4.980013e+00
9.200000000000001e+00	4.983295e+00
9.300000000000001e+00	4.986535e+00
9.400000000000000e+00	4.989735e+00
9.500000000000000e+00	4.992897e+00
9.600000000000001e+00	4.996023e+00
9.700000000000001e+00	4.999115e+00
9.800000000000001e+00	5.002174e+00
9.900000000000000e+00	5.005203e+00
1.000000000000000e+01	5.008202e+00
1.010000000000000e+01	5.011173e+00
1.020000000000000e+01	5.014117e+00
1.030000000000000e+01	5.017036e+00
1.040000000000000e+01	5.019931e+00
1.050000000000000e+01	5.022802e+00
1.060000000000000e+01	5.025651e+00
1.070000000000000e+01	5.028479e+00
1.080000000000000e+01	5.031286e+00
1.090000000000000e+01	5.034073e+00
1.100000000000000e+01	5.036842e+00
1.110000000000000e+01	5.039593e+00
1.120000000000000e+01	5.042327e+00
1.130000000000000e+01	5.045044e+00
1.140000000000000e+01	5.047746e+00
1.150000000000000e+01	5.050432e+00
1.160000000000000e+01	5.053103e+00
1.170000000000000e+01	5.055760e+00
1.180000000000000e+01	5.058404e+00
1.190000000000000e+01	5.061035e+00
1.200000000000000e+01	5.063653e+00
1.210000000000000e+01	5.066258e+00
1.220000000000000e+01	5.068853e+00
1.230000000000000e+01	5.071436e+00
1.240000000000000e+01	5.074008e+00
1.250000000000000e+01	5.076570e+00
1.260000000000000e+01	5.079122e+00
1.270000000000000e+01	5.081663e+00
1.280000000000000e+01	5.084196e+00
1.290000000000000e+01	5.086720e+00
1.300000000000000e+01	5.089234e+00
1.310000000000000e+01	5.091741e+00
1.320000000000000e+01	5.094239e+00
1.330000000000000e+01	5.096730e+00
1.340000000000000e+01	5.099213e+00
1.350000000000000e+01	5.101688e+00
1.360000000000000e+01	5.104157e+00
1.370000000000000e+01	5.106619e+00
1.380000000000000e+01	5.109074e+00
1.390000000000000e+01	5.111523e+00
1.400000000000000e+01	5.113966e+00
1.410000000000000e+01	5.116403e+00
1.420000000000000e+01	5.118834e+00
1.430000000000000e+01	5.121260e+00
1.440000000000000e+01	5.123680e+00
1.450000000000000e+01	5.126095e+00
1.460000000000000e+01	5.128506e+00
1.470000000000000e+01	5.130911e+00
1.480000000000000e+01	5.133312e+00
1.490000000000000e+01	5.135708e+00
1.500000000000000e+01	5.138100e+00
1.510000000000000e+01	5.140488e+00
1.520000000000000e+01	5.142872e+00
1.530000000000000e+01	5.145252e+00
1.540000000000000e+01	5.147628e+00
1.550000000000000e+01	5.150001e+00
1.560000000000000e+01	5.152369e+00
1.570000000000000e+01	5.154736e+00
1.580000000000000e+01	5.157098e+00
1.590000000000000e+01	5.159458e+00
1.600000000000000e+01	5.161814e+00
1.610000000000000e+01	5.164167e+00
1.620000000000000e+01	5.166518e+00
1.630000000000000e+01	5.168867e+00
1.640000000000000e+01	5.171212e+00
1.650000000000000e+01	5.173555e+00
1.660000000000000e+01	5.175896e+00
1.670000000000000e+01	5.178234e+00
1.680000000000000e+01	5.180571e+00
1.690000000000000e+01	5.182905e+00
1.700000000000000e+01	5.185236e+00
1.710000000000000e+01	5.187567e+00
1.720000000000000e+01	5.189895e+00
1.730000000000000e+01	5.192222e+00
1.740000000000000e+01	5.194547e+00
1.750000000000000e+01	5.196870e+00
1.760000000000000e+01	5.199192e+00
1.770000000000000e+01	5.201512e+00
1.780000000000000e+01	5.203831e+00
1.790000000000000e+01	5.206149e+00
1.800000000000000e+01	5.208465e+00
1.810000000000000e+01	5.210780e+00
1.820000000000000e+01	5.213094e+00
1.830000000000000e+01	5.215407e+00
1.840000000000000e+01	5.217719e+00
1.850000000000000e+01	5.220030e+00
1.860000000000000e+01	5.222340e+00
1.870000000000000e+01	5.224649e+00
1.880000000000000e+01	5.226958e+00
1.890000000000000e+01	5.229266e+00
1.900000000000000e+01	5.231573e+00
1.910000000000000e+01	5.233879e+00
1.920000000000000e+01	5.236185e+00
1.930000000000000e+01	5.238491e+00
1.940000000000000e+01	5.240796e+00
1.950000000000000e+01	5.243100e+00
1.960000000000000e+01	5.245405e+00
1.970000000000000e+01	5.247708e+00
1.980000000000000e+01	5.250012e+00
1.990000000000000e+01	5.252316e+00
2.000000000000000e+01	5.254619e+00
2.010000000000000e+01	5.256922e+00
2.020000000000000e+01	5.259224e+00
2.030000000000000e+01	5.261528e+00
2.040000000000000e+01	5.263830e+00
2.050000000000000e+01	5.266133e+00
2.060000000000000e+01	5.268436e+00
2.070000000000000e+01	5.270739e+00
2.080000000000000e+01	5.273042e+00
2.090000000000000e+01	5.275345e+00
2.100000000000000e+01	5.277649e+00
2.110000000000000e+01	5.279953e+00
2.120000000000000e+01	5.282257e+00
2.130000000000000e+01	5.284561e+00
2.140000000000000e+01	5.286865e+00
2.150000000000000e+01	5.289170e+00
2.160000000000000e+01	5.291475e+00
2.170000000000000e+01	5.293781e+00
2.180000000000000e+01	5.296087e+00
2.190000000000000e+01	5.298394e+00
2.200000000000000e+01	5.300701e+00
2.210000000000000e+01	5.303009e+00
2.220000000000000e+01	5.305317e+00
2.230000000000000e+01	5.307626e+00
2.240000000000000e+01	5.309935e+00
2.250000000000000e+01	5.312245e+00
2.260000000000000e+01	5.314556e+00
2.270000000000000e+01	5.316867e+00
2.280000000000000e+01	5.319180e+00
2.290000000000000e+01	5.321492e+00
2.300000000000000e+01	5.323806e+00
2.310000000000000e+01	5.326120e+00
2.320000000000000e+01	5.328436e+00
2.330000000000000e+01	5.330752e+00
2.340000000000000e+01	5.333069e+00
2.350000000000000e+01	5.335386e+00
2.360000000000000e+01	5.337705e+00
2.370000000000000e+01	5.340024e+00
2.380000000000000e+01	5.342345e+00
2.390000000000000e+01	5.344666e+00
2.400000000000000e+01	5.346989e+00
2.410000000000000e+01	5.349313e+00
2.420000000000000e+01	5.351637e+00
2.430000000000000e+01	5.353962e+00
2.440000000000000e+01	5.356289e+00
2.450000000000000e+01	5.358617e+00
2.460000000000000e+01	5.360946e+00
2.470000000000000e+01	5.363276e+00
2.480000000000000e+01	5.365606e+00
2.490000000000000e+01	5.367939e+00
2.500000000000000e+01	5.370272e+00
2.510000000000000e+01	5.372606e+00
2.520000000000000e+01	5.374942e+00
2.530000000000000e+01	5.377279e+00
2.540000000000000e+01	5.379617e+00
2.550000000000000e+01	5.381956e+00
2.560000000000000e+01	5.384296e+00
2.570000000000000e+01	5.386639e+00
2.580000000000000e+01	5.388981e+00
2.590000000000000e+01	5.391326e+00
2.600000000000000e+01	5.393672e+00
2.610000000000000e+01	5.396019e+00
2.620000000000000e+01	5.398367e+00
2.630000000000000e+01	5.400717e+00
2.640000000000000e+01	5.403068e+00
2.650000000000000e+01	5.405421e+00
2.660000000000000e+01	5.407774e+00
2.670000000000000e+01	5.410130e+00
2.680000000000000e+01	5.412487e+00
2.690000000000000e+01	5.414845e+00
2.700000000000000e+01	5.417204e+00
2.710000000000000e+01	5.419565e+00
2.720000000000000e+01	5.421928e+00
2.730000000000000e+01	5.424292e+00
2.740000000000000e+01	5.426657e+00
2.750000000000000e+01	5.429024e+00
2.760000000000000e+01	5.431393e+00
2.770000000000000e+01	5.433763e+00
2.780000000000000e+01	5.436135e+00
2.790000000000000e+01	5.438508e+00
2.800000000000000e+01	5.440883e+00
2.810000000000000e+01	5.443259e+00
2.820000000000000e+01	5.445637e+00
2.830000000000000e+01	5.448016e+00
2.840000000000000e+01	5.450397e+00
2.850000000000000e+01	5.452780e+00
2.860000000000000e+01	5.455164e+00
2.870000000000000e+01	5.457550e+00
2.880000000000000e+01	5.459938e+00
2.890000000000000e+01	5.462327e+00
2.900000000000000e+01	5.464717e+00
2.910000000000000e+01	5.467110e+00
2.920000000000000e+01	5.469504e+00
2.930000000000000e+01	5.471900e+00
2.940000000000000e+01	5.474298e+00
2.950000000000000e+01	5.476696e+00
2.960000000000000e+01	5.479098e+00
2.970000000000000e+01	5.481500e+00
2.980000000000000e+01	5.483905e+00
2.990000000000000e+01	5.486311e+00
3.000000000000000e+01	5.488719e+00
